
1500755199
1500755212
1500755239
1500755270
1500755280
1500755289
1500755320
1500755324
1500755345
1500755348
1500755365
1500755375
1500758710
1500758723
1500758747
1500758754
1500758767
1500758789
1500758791
1500758809
1500758814
1500758824
1500758848
1500758862
1500758881
1500758895
1500758906
1500758924
1500758935
1500758939
1500758963
1500758972
1500758979
1500759080
1500759093
1500759101
1500759117
1500759119
1500759123
1500759141
1500759143
1500759174
1500759183
1500759190
1500759198
1500759215
1500759218
1500759255
1500759300
1500759322
1500759330
1500759335
1500759349
1500759364
1500759366
1500759375
1500759463
1500759488
1500759531
1500759594
1500759597
1500759609
1500759623
1500759635
1500759646
1500759692
1500759700
1500759705
1500759742
1500759774
1500759776
1500759825
1500759843
1500759865
1500759873
1500759874
1500759913
1500759914
1500759953
1500759955
1500759960
1500759983
1500759988
1500759992
1500760004
1500760006
1500760026
1500760068
1500760084
1500760091
1500760098
1500760109
1500760112
1500760129
1500760137
1500760146
1500760170
1500760183
1500760204
1500760225
1500760292
1500760296
1500760297
1500760300
1500760340
1500760341
1500760344
1500760368
1500760397
1500760400
1500760443
1500760451
1500760455
1500760469
1500760495
1500760519
1500760562
1500760587
1500760593
1500760594
1500760603
1500760615
1500760636
1500760639
1500760652
1500760666
1500760694
1500760745
1500760747
1500760750
1500760754
1500760791
1500760801
1500760811
1500760867
1500760872
1500760873
1500760883
1500760884
1500760908
1500760935
1500760971
1500761042
1500761072
1500761077
1500761078
1500761079
1500761082
1500761091
1500761098
1500761119
1500761129
1500761146
1500761160
1500761180
1500761184
1500761196
1500761197
1500761199
1500761222
1500761246
1500761247
1500761251
1500761260
1500761262
1500761289
1500761353
1500761377
1500761394
1500761402
1500761419
1500761443
1500761494
1500761497
1500761523
1500761616
1500761617
1500761637
1500761642
1500761654
1500761655
1500761657
1500761662
1500761679
1500761683
1500761732
1500761743
1500761778
1500761792
1500761829
1500761864
1500761875
1500761957
1500761961
1500761968
1500761979
1500761996
1500762002
1500762010
1500762058
1500762105
1500762118
1500762129
1500762149
1500762151
1500762172
1500762181
1500762191
1500762203
1500762231
1500762250
1500762287
1500762291
1500762307
1500762310
1500762348
1500762370
1500762373
1500762379
1500762380
1500762388
1500762396
1500762398
1500762464
1500762471
1500762476
1500762485
1500762492
1500762516
1500762555
1500762558
1500762565
1500762579
1500762593
1500762597
1500762602
1500762671
1500762702
1500762717
1500762719
1500762725
1500762739
1500762774
1500762797
1500762811
1500762840
1500762855
1500762857
1500762868
1500762870
1500762883
1500762897
1500762926
1500762933
1500762959
1500762963
1500762972
1500762989
1500762997
1500762999
1500763021
1500763030
1500763040
1500763055
1500763060
1500763071
1500763072
1500763102
1500763107
1500763115
1500763119
1500763186
1500763205
1500763214
1500763223
1500763235
1500763316
1500763353
1500763360
1500763403
1500763405
1500763420
1500763428
1500763432
1500763473
1500763478
1500763491
1500763529
1500763532
1500763535
1500763551
1500763588
1500763594
1500763605
1500763621
1500763628
1500763635
1500763648
1500763654
1500763661
1500763667
1500763675
1500763693
1500763717
1500763745
1500763776
1500763783
1500763787
1500763791
1500763819
1500763837
1500763841
1500763847
1500763860
1500763872
1500763902
1500763927
1500763935
1500763949
1500763970
1500764006
1500764025
1500764042
1500764043
1500764057
1500764072
1500764136
1500764176
1500764230
1500764236
1500764243
1500764270
1500764296
1500764323
1500764334
1500764336
1500764344
1500764350
1500764354
1500764356
1500764359
1500764365
1500764486
1500764525
1500764568
1500764578
1500764584
1500764588
1500764635
1500764658
1500764667
1500764671
1500764686
1500764696
1500764715
1500764717
1500764772
1500764773
1500764783
1500764784
1500764786
1500764797
1500764813
1500764820
1500764838
1500764844
1500764852
1500764854
1500764878
1500764887
1500764896
1500764925
1500764951
1500764957
1500764965
1500764967
1500764968
1500764978
1500764995
1500765016
1500765028
1500765069
1500765098
1500765104
1500765112
1500765163
1500765165
1500765166
1500765222
1500765261
1500765262
1500765265
1500765269
1500765299
1500765307
1500765335
1500765359
1500765361
1500765367
1500765409
1500765411
1500765414
1500765417
1500765450
1500765461
1500765469
1500765516
1500765530
1500765532
1500765543
1500765553
1500765569
1500765570
1500765580
1500765590
1500765603
1500765620
1500765621
1500765634
1500765639
1500765671
1500765691
1500765738
1500765751
1500765792
1500765812
1500765823
1500765842
1500765866
1500765867
1500765881
1500765888
1500765890
1500765892
1500765917
1500765919
1500765921
1500765952
1500765957
1500765974
1500766047
1500766091
1500766096
1500766124
1500766132
1500766135
1500766144
1500766159
1500766172
1500766227
1500766230
1500766249
1500766284
1500766287
1500766293
1500766300
1500766309
1500766326
1500766334
1500766369
1500766376
1500766407
1500766426
1500766442
1500766451
1500766452
1500766453
1500766460
1500766468
1500766472
1500766504
1500766505
1500766508
1500766548
1500766549
1500766593
1500766603
1500766630
1500766639
1500766661
1500766708
1500766722
1500766733
1500766737
1500766747
1500766763
1500766792
1500766797
1500766806
1500766835
1500766878
1500766890
1500766893
1500766912
1500766922
1500766931
1500766952
1500766972
1500767044
1500767060
1500767083
1500767173
1500767201
1500767212
1500767214
1500767226
1500767256
1500767263
1500767281
1500767294
1500767297
1500767310
1500767324
1500767335
1500767347
1500767348
1500767389
1500767398
1500767402
1500767423
1500767426
1500767479
1500767508
1500767519
1500767521
1500767549
1500767578
1500768171
1500768175
1500768197
1500768199
1500768225
1500768227
1500768250
1500768262
1500768278
1500768293
1500768321
1500768388
1500768424
1500768443
1500768449
1500768482
1500768504
1500768550
1500768572
1500768587
1500768609
1500768618
1500768620
1500768625
1500769236
1500769239
1500769245
1500769255
1500770763
1500770780
1500770787
1500770835
1500770838
1500770846
1500770860
1500770877
1500770919
1500770933
1500770978
1500770982
1500770983
1500770984
1500770991
1500771018
1500771045
1500771059
1500771060
1500771061
1500771064
1500771065
1500768140
1500768126
1500768125
1500767158
1500770762
1500767135
1500770744
1500769206
1500770717
1500770687
1500764139
1500767518
1500764098
1500768074
1500769335
1500771753
1500769145
1500767110
1500772255
1500769317
1500768044
1500772241
1500767957
1500772231
1500772224
1500769110
1500767923
1500759602
1500766010
1500771729
1500771728
1500772221
1500771707
1500772192
1500771703
1500771625
1500772179
1500769079
1500767913
1500766085
1500771638
1500772173
1500767889
1500767869
1500765972
1500771616
1500771590
1500772129
1500772113
1500766590
1500773227
1500772112
1500772103
1500771551
1500772102
1500771535
1500771498
1500773223
1500771491
1500773190
1500772086
1500773182
1500772075
1500773170
1500772061
1500772046
1500771480
1500771471
1500773166
1500773163
1500771460
1500771442
1500771441
1500773154
1500772038
1500773148
1500772029
1500773145
1500772019
1500772014
1500771412
1500773136
1500771406
1500773134
1500767441
1500765195
1500771385
1500767816
1500775438
1500773111
1500771204
1500766817
1500770653
1500775409
1500768405
1500775406
1500763124
1500771758
1500768357
1500775404
1500775377
1500775368
1500771743
1500768121
1500776438
1500775349
1500776437
1500768302
1500776388
1500776375
1500776341
1500776302
1500765234
1500775279
1500775249
1500775196
1500776294
1500775193
1500773042
1500775153
1500775142
1500776245
1500772906
1500768068
1500775063
1500769264
1500776203
1500767967
1500775056
1500772252
1500777448
1500777447
1500777387
1500777370
1500775039
1500777354
1500775009
1500779334
1500777341
1500776196
1500776189
1500774981
1500776182
1500777331
1500774980
1500777329
1500776156
1500774966
1500777328
1500776154
1500776083
1500776031
1500779314
1500777319
1500774898
1500774854
1500774843
1500774832
1500776013
1500776007
1500774823
1500775986
1500774801
1500774792
1500777303
1500777286
1500774758
1500777262
1500775955
1500775942
1500775951
1500775920
1500774742
1500777188
1500779287
1500775868
1500779251
1500775971
1500774707
1500775828
1500772898
1500779234
1500774687
1500779231
1500774663
1500772868
1500775815
1500775779
1500774658
1500779230
1500774619
1500779209
1500775772
1500775764
1500779200
1500779188
1500774827
1500774575
1500779185
1500779171
1500775743
1500775718
1500779165
1500779140
1500779105
1500779097
1500779078
1500779058
1500774546
1500779057
1500774534
1500775709
1500775705
1500779018
1500774531
1500779015
1500774504
1500779001
1500778981
1500778980
1500775694
1500775685
1500772840
1500774430
1500774972
1500775664
1500774411
1500775645
1500775615
1500774359
1500772901
1500771997
1500771957
1500771949
1500771946
1500771910
1500771892
1500771874
1500769055
1500770630
1500769030
1500775587
1500770619
1500777764
1500771166
1500775517
1500777748
1500777743
1500774322
1500777693
1500778955
1500777648
1500774316
1500778907
1500767829
1500770600
1500772968
1500772008
1500773115
1500772890
1500771165
1500778832
1500769011
1500767507
1500770593
1500778831
1500771140
1500770567
1500768978
1500771137
1500778806
1500770566
1500778802
1500768976
1500771097
1500770540
1500768969
1500771096
1500768940
1500771998
1500771083
1500772869
1500772822
1500769019
1500770469
1500770485
1500770427
1500768905
1500770416
1500777621
1500771069
1500768902
1500770006
1500777603
1500777575
1500770403
1500777561
1500768935
1500777545
1500771066
1500768895
1500769982
1500768892
1500770370
1500769973
1500769964
1500770333
1500768828
1500770369
1500768863
1500770315
1500770292
1500769949
1500768815
1500768807
1500769926
1500769906
1500770286
1500777529
1500777494
1500777486
1500769932
1500777484
1500770291
1500777477
1500777467
1500768796
1500777453
1500769897
1500777452
1500769873
1500768763
1500770261
1500768759
1500779746
1500769855
1500770236
1500768733
1500770210
1500769862
1500768747
1500770222
1500768721
1500770195
1500768692
1500768687
1500772802
1500769852
1500775436
1500769846
1500770184
1500770188
1500766637
1500768683
1500769841
1500775370
1500770176
1500770173
1500775283
1500772776
1500769804
1500776300
1500781252
1500772738
1500770160
1500769803
1500772734
1500781244
1500772799
1500768678
1500781234
1500769825
1500769795
1500770128
1500772705
1500770148
1500781227
1500770125
1500769709
1500772720
1500772684
1500769761
1500769641
1500772629
1500769637
1500772691
1500769739
1500769643
1500781208
1500772621
1500772607
1500781206
1500769633
1500781192
1500769598
1500779736
1500772600
1500769608
1500772604
1500769581
1500772574
1500781175
1500772569
1500769522
1500769502
1500772508
1500781173
1500769572
1500781152
1500772529
1500781151
1500778726
1500778725
1500778720
1500778695
1500778690
1500769893
1500769485
1500770119
1500772459
1500778682
1500778667
1500778654
1500769476
1500772475
1500769473
1500772411
1500770095
1500769441
1500772409
1500770088
1500769440
1500772397
1500770065
1500769427
1500772347
1500769472
1500778643
1500768989
1500778642
1500774177
1500769415
1500772338
1500773303
1500781139
1500781126
1500772439
1500781093
1500774119
1500773273
1500771836
1500781044
1500781030
1500779671
1500781000
1500778632
1500773268
1500773272
1500773263
1500774175
1500769376
1500775513
1500773291
1500773290
1500767763
1500773251
1500767704
1500778628
1500772337
1500767697
1500780953
1500767693
1500767679
1500767643
1500767663
1500777173
1500778542
1500774101
1500780915
1500780910
1500780897
1500777164
1500767603
1500780896
1500780886
1500779666
1500780872
1500769040
1500780868
1500778516
1500769144
1500777161
1500780866
1500780843
1500778513
1500780812
1500780803
1500778503
1500780802
1500780793
1500777143
1500780791
1500780777
1500778499
1500777140
1500778494
1500780772
1500777137
1500777120
1500780767
1500777100
1500778478
1500778455
1500780754
1500777098
1500777066
1500780743
1500777065
1500778448
1500780736
1500778404
1500780734
1500778391
1500780719
1500780681
1500778367
1500778357
1500780676
1500780669
1500778332
1500778318
1500780668
1500780664
1500774022
1500778495
1500780607
1500780606
1500778275
1500778223
1500780605
1500778266
1500779652
1500780595
1500778149
1500777024
1500778134
1500777051
1500769363
1500778104
1500767611
1500767583
1500772330
1500776975
1500776974
1500777039
1500771789
1500777028
1500776961
1500776959
1500769360
1500776900
1500776885
1500780584
1500772317
1500776872
1500776863
1500780574
1500771783
1500780525
1500776826
1500776824
1500769354
1500776815
1500776803
1500780508
1500772309
1500778097
1500776790
1500778095
1500777022
1500776784
1500777018
1500771759
1500779632
1500776746
1500776727
1500769338
1500776676
1500776637
1500778083
1500772304
1500776705
1500776619
1500776604
1500776906
1500776899
1500774310
1500776538
1500776693
1500776584
1500780498
1500776521
1500780465
1500776546
1500774294
1500776486
1500776466
1500776492
1500780429
1500775512
1500776506
1500773998
1500775493
1500776488
1500780356
1500776461
1500776454
1500780336
1500780323
1500774242
1500780313
1500774002
1500775080
1500781183
1500767656
1500778650
1500769462
1500778613
1500772525
1500767592
1500778525
1500777109
1500776267
1500775028
1500767069
1500774434
1500775604
1500777723
1500774584
1500778950
1500771814
1500778838
1500779360
1500775640
1500774396
1500770553
1500777644
1500774992
1500769326
1500774414
1500780588
1500780499
1500776711
1500778968
1500776599
1500776999
1500774788
1500778789
1500774267
1500774439
1500779527
1500779513
1500789824
1500779510
1500789774
1500779484
1500774203
1500773976
1500773951
1500773950
1500779419
1500779411
1500789773
1500789770
1500779410
1500773943
1500779402
1500789762
1500773864
1500789753
1500773835
1500779395
1500779382
1500789720
1500773782
1500779377
1500789692
1500779374
1500786941
1500781610
1500789679
1500789653
1500773374
1500773780
1500789651
1500773765
1500773724
1500773721
1500781601
1500781596
1500789649
1500781591
1500789612
1500781551
1500789607
1500773647
1500773601
1500773567
1500789597
1500789561
1500773548
1500773537
1500789519
1500789474
1500773524
1500773500
1500789450
1500789444
1500773488
1500773481
1500789410
1500770058
1500786925
1500789393
1500789313
1500771366
1500771272
1500781534
1500771347
1500775917
1500781523
1500774749
1500781522
1500781506
1500781505
1500781488
1500779274
1500781485
1500781483
1500772635
1500781482
1500777025
1500780277
1500775836
1500785265
1500781480
1500780269
1500781468
1500783180
1500780211
1500781450
1500783283
1500783175
1500780209
1500783162
1500780182
1500783262
1500783249
1500780302
1500783152
1500786898
1500780167
1500783246
1500780147
1500783219
1500783125
1500780104
1500780289
1500783642
1500775934
1500783095
1500777271
1500783091
1500787466
1500783215
1500786231
1500780119
1500791350
1500789308
1500780102
1500782992
1500785913
1500783871
1500780067
1500785232
1500789258
1500785218
1500782975
1500783197
1500782949
1500777347
1500782915
1500776015
1500780037
1500782909
1500788612
1500783061
1500789257
1500780028
1500785167
1500787413
1500785125
1500774713
1500789197
1500782884
1500787408
1500787405
1500780016
1500787324
1500789187
1500787317
1500789146
1500787306
1500789125
1500787267
1500789122
1500787217
1500787214
1500779997
1500782876
1500782867
1500789106
1500789089
1500785108
1500789085
1500785104
1500789075
1500789037
1500778771
1500785063
1500779942
1500782798
1500782859
1500779931
1500782755
1500785047
1500779889
1500785034
1500782752
1500786869
1500785030
1500785023
1500785008
1500779876
1500785002
1500784987
1500779824
1500784947
1500789035
1500782744
1500784946
1500788986
1500784916
1500784915
1500782735
1500784894
1500784893
1500782642
1500782674
1500782669
1500788972
1500784866
1500788964
1500784842
1500782616
1500784823
1500782604
1500784808
1500784806
1500788911
1500782555
1500788890
1500787211
1500784796
1500784780
1500782529
1500784774
1500787208
1500787193
1500784754
1500782376
1500788887
1500787150
1500788823
1500788816
1500782485
1500788812
1500782347
1500784741
1500788810
1500784710
1500787117
1500782472
1500784707
1500782371
1500784699
1500787110
1500787083
1500780095
1500784698
1500788769
1500788756
1500786839
1500782366
1500782296
1500787078
1500788746
1500788740
1500787075
1500782249
1500787073
1500782252
1500787046
1500787023
1500782294
1500786980
1500786978
1500786966
1500782201
1500782226
1500782224
1500782194
1500783867
1500788705
1500782106
1500782095
1500782151
1500788646
1500786822
1500782096
1500782039
1500782004
1500788637
1500781964
1500781937
1500781915
1500781901
1500781848
1500781840
1500781832
1500781831
1500784664
1500781149
1500781772
1500781812
1500783050
1500781786
1500782465
1500781762
1500782295
1500781743
1500781717
1500781705
1500781691
1500783863
1500783801
1500783788
1500783767
1500783736
1500783753
1500782392
1500783748
1500781701
1500783728
1500783702
1500783682
1500783658
1500782390
1500783657
1500783677
1500783614
1500783602
1500782378
1500783590
1500783563
1500783560
1500779802
1500774082
1500774005
1500783502
1500783546
1500784598
1500783456
1500783489
1500783483
1500773990
1500786119
1500783436
1500786770
1500783431
1500783448
1500786112
1500784595
1500786090
1500786764
1500784577
1500783380
1500786744
1500783411
1500786118
1500783335
1500786075
1500783311
1500786076
1500786643
1500788587
1500786637
1500786629
1500785988
1500783285
1500781393
1500781379
1500786045
1500785915
1500785985
1500781330
1500781320
1500787486
1500781421
1500787473
1500773925
1500773447
1500781404
1500779526
1500779371
1500781519
1500781401
1500783876
1500781264
1500781263
1500782314
1500782162
1500781857
1500783667
1500783528
1500783367
1500785653
1500785621
1500785617
1500786625
1500786596
1500786587
1500786579
1500786552
1500786550
1500786527
1500786514
1500786487
1500786485
1500786470
1500786468
1500786457
1500780061
1500779961
1500779842
1500782546
1500785537
1500785505
1500785503
1500785492
1500785488
1500785487
1500785486
1500785463
1500785456
1500785550
1500785450
1500785418
1500785375
1500785371
1500785355
1500785349
1500785344
1500785331
1500785280
1500785266
1500786954
1500789910
1500789900
1500785291
1500785281
1500778070
1500773480
1500789889
1500789888
1500786448
1500786432
1500778044
1500786380
1500778038
1500786352
1500778067
1500789884
1500778045
1500789848
1500777981
1500789832
1500789828
1500786350
1500777980
1500786333
1500777973
1500773474
1500786316
1500786299
1500778009
1500777971
1500773464
1500777968
1500777967
1500773438
1500777898
1500784570
1500784566
1500773424
1500777895
1500773412
1500786283
1500786282
1500786279
1500786274
1500777960
1500784543
1500786262
1500784540
1500786252
1500777852
1500786238
1500773401
1500773330
1500773399
1500784484
1500786224
1500784479
1500786222
1500784460
1500777840
1500779623
1500786212
1500786147
1500777830
1500784450
1500779580
1500784425
1500786138
1500777826
1500777819
1500788581
1500784406
1500788578
1500784387
1500777777
1500779570
1500788574
1500777774
1500784349
1500788521
1500788506
1500788486
1500784344
1500777853
1500773411
1500773405
1500779568
1500779556
1500784291
1500776465
1500767789
1500774113
1500779551
1500771235
1500771221
1500776293
1500775088
1500771242
1500787127
1500784527
1500784243
1500784242
1500791659
1500784228
1500784207
1500791624
1500784183
1500784109
1500784100
1500784076
1500781453
1500791570
1500791565
1500791553
1500784029
1500777864
1500791500
1500784022
1500784014
1500791491
1500791474
1500785728
1500785721
1500783998
1500785720
1500783997
1500791468
1500791467
1500783994
1500783987
1500791460
1500791444
1500778453
1500783982
1500783935
1500767800
1500791443
1500791425
1500783929
1500785688
1500777368
1500780625
1500774458
1500788471
1500778157
1500778301
1500781457
1500788470
1500788457
1500791373
1500777063
1500773093
1500788436
1500791355
1500774236
1500791320
1500788416
1500788388
1500791319
1500788373
1500791302
1500791301
1500788364
1500788327
1500791284
1500791266
1500788386
1500788308
1500788290
1500791249
1500791121
1500788132
1500789611
1500788115
1500788073
1500791236
1500788072
1500788034
1500788008
1500787974
1500787949
1500787941
1500787915
1500773654
1500787841
1500789341
1500787815
1500787802
1500789353
1500781538
1500787777
1500787758
1500787757
1500770168
1500787752
1500780925
1500789321
1500776464
1500781533
1500771314
1500769814
1500781681
1500777240
1500789235
1500787724
1500780013
1500779901
1500782709
1500780094
1500783014
1500784686
1500782251
1500779935
1500782862
1500782717
1500782242
1500786965
1500788707
1500782127
1500782184
1500786983
1500782680
1500782461
1500779787
1500781822
1500783513
1500782154
1500787711
1500786779
1500791221
1500783354
1500791169
1500791168
1500791141
1500791114
1500791106
1500787709
1500791065
1500787690
1500791060
1500783420
1500791055
1500786053
1500791032
1500790997
1500790993
1500790988
1500790978
1500790975
1500790954
1500790890
1500786016
1500790873
1500790846
1500785604
1500784573
1500787682
1500787665
1500787636
1500787608
1500793873
1500791674
1500787568
1500787559
1500791679
1500791692
1500791705
1500779839
1500787498
1500768958
1500790824
1500790821
1500790745
1500790742
1500790731
1500790698
1500791117
1500790641
1500790634
1500773391
1500790589
1500790479
1500790435
1500791267
1500789195
1500791717
1500777652
1500770104
1500790429
1500790425
1500791728
1500791775
1500790368
1500791829
1500790348
1500784331
1500791830
1500790316
1500790298
1500790282
1500759923
1500790261
1500791853
1500790233
1500790225
1500790205
1500772863
1500790202
1500790133
1500787889
1500791883
1500779521
1500791363
1500788446
1500788311
1500788300
1500791386
1500788234
1500788056
1500787965
1500783886
1500790096
1500771354
1500791941
1500791946
1500791952
1500791968
1500791980
1500791990
1500790043
1500792006
1500790002
1500792054
1500792106
1500792115
1500792128
1500789985
1500789926
1500789913
1500778773
1500768784
1500785907
1500777543
1500785865
1500785811
1500792224
1500792226
1500792251
1500792252
1500769159
1500785763
1500775354
1500792348
1500784606
1500792351
1500792369
1500783451
1500792371
1500791175
1500783498
1500792408
1500787530
1500784500
1500792416
1500790259
1500790130
1500791923
1500791961
1500790073
1500789069
1500783765
1500779818
1500792456
1500788627
1500792466
1500790024
1500773468
1500792098
1500791873
1500792032
1500790000
1500784548
1500789938
1500782902
1500789915
1500786723
1500792203
1500783883
1500791234
1500786292
1500792525
1500792003
1500792314
1500785774
1500771261
1500790312
1500792543
1500791844
1500792503
1500792553
1500784263
1500779545
1500790404
1500784902
1500792567
1500791609
1500784035
1500785115
1500777772
1500791521
1500788480
1500792465
1500793313
1500793604
1500793316
1500792630
1500793352
1500792680
1500793614
1500793618
1500793631
1500793632
1500793644
1500793653
1500793657
1500793669
1500793697
1500793730
1500793744
1500793364
1500793745
1500793753
1500793778
1500793855
1500792687
1500793592
1500793612
1500793345
1500792693
1500793866
1500792715
1500793840
1500792718
1500792760
1500793065
1500793072
1500793074
1500792777
1500792781
1500792831
1500792640
1500792851
1500792852
1500793356
1500792982
1500792903
1500793112
1500792919
1500792925
1500792991
1500793022
1500792968
1500793035
1500792761
1500793506
1500793437
1500793126
1500793545
1500793152
1500793456
1500793077
1500793475
1500793166
1500793481
1500793169
1500793175
1500793179
1500793512
1500793547
1500793498
1500793443
1500793255
1500793568
1500793157
1500793275
1500793292
1500793419
1500793540
1500793555
1500792875
1500793214
1500793895
1500793883
1500794999
1500794990
1500794973
1500794967
1500794959
1500794955
1500794909
1500794272
1500795060
1500795069
1500795082
1500795036
1500795018
1500795012
1500795010
1500795058
1500799485
1500799475
1500799451
1500799446
1500799436
1500799434
1500799406
1500799387
1500799350
1500799341
1500799328
1500799322
1500799315
1500799271
1500799263
1500799253
1500799250
1500799242
1500799223
1500799170
1500799160
1500799153
1500799128
1500799083
1500799002
1500798989
1500798974
1500798958
1500798954
1500798905
1500798902
1500798261
1500798260
1500798237
1500798211
1500797998
1500797988
1500797740
1500797737
1500797713
1500797708
1500797704
1500797699
1500794326
1500794263
1500794353
1500794565
1500794573
1500794599
1500794618
1500794580
1500794586
1500794597
1500794598
1500794707
1500794718
1500794354
1500794726
1500794467
1500794740
1500794742
1500794392
1500794629
1500794395
1500794516
1500794396
1500794642
1500794644
1500794524
1500794410
1500794530
1500794419
1500794685
1500794424
1500794543
1500794437
1500794564
1500793926
1500793903
1500793949
1500793943
1500794764
1500794029
1500793928
1500793937
1500794829
1500794842
1500794891
1500793964
1500794035
1500793998
1500794001
1500794074
1500794099
1500794900
1500794011
1500794105
1500794261
1500794207
1500794739
1500794745
1500794362
1500794257
1500794447
1500794569
1500794768
1500794182
1500794503
1500803827
1500810608
1500810297
1500810281
1500810264
1500810226
1500810182
1500810174
1500810172
1500810169
1500810168
1500810166
1500810155
1500810145
1500810135
1500810111
1500810086
1500810085
1500810079
1500810053
1500809844
1500809830
1500809807
1500808318
1500798004
1500798915
1500795214
1500797452
1500797459
1500797462
1500797467
1500797476
1500797495
1500799447
1500797505
1500797513
1500797526
1500797538
1500797543
1500797550
1500797573
1500797578
1500797604
1500798053
1500797644
1500797669
1500797683
1500797695
1500798308
1500797771
1500798054
1500797361
1500798363
1500797354
1500797299
1500798057
1500798068
1500797284
1500797270
1500798076
1500798107
1500797252
1500797248
1500798130
1500798170
1500798194
1500798380
1500798387
1500798426
1500798427
1500797245
1500798441
1500798452
1500798458
1500798464
1500797216
1500798473
1500798522
1500797210
1500797202
1500798528
1500798560
1500797197
1500797191
1500797121
1500798568
1500797104
1500798606
1500798633
1500798635
1500798681
1500798694
1500797097
1500797076
1500798697
1500798725
1500797065
1500798726
1500797050
1500798729
1500798750
1500798801
1500797000
1500798803
1500796994
1500798812
1500796969
1500798850
1500798883
1500797967
1500798273
1500799389
1500798007
1500797759
1500797694
1500796892
1500796886
1500799023
1500797411
1500799236
1500799118
1500797610
1500796878
1500796866
1500797811
1500798322
1500798325
1500797832
1500797896
1500797939
1500797881
1500797955
1500810329
1500810076
1500810330
1500810609
1500810376
1500810384
1500810412
1500810430
1500810613
1500810471
1500810626
1500810473
1500811161
1500810475
1500810633
1500810496
1500810493
1500810530
1500810634
1500810638
1500810657
1500810660
1500810675
1500810549
1500810694
1500810550
1500810695
1500810571
1500810713
1500811163
1500810751
1500811200
1500811201
1500811202
1500811217
1500811265
1500811273
1500811301
1500811305
1500811331
1500810774
1500809779
1500810794
1500809751
1500810824
1500809716
1500809698
1500810825
1500811343
1500811368
1500809652
1500809645
1500809626
1500796845
1500811589
1500811376
1500811379
1500811415
1500811427
1500809571
1500809570
1500809539
1500811460
1500796824
1500809496
1500811462
1500796808
1500809489
1500810827
1500811463
1500811466
1500810857
1500811482
1500796799
1500796779
1500796776
1500796775
1500810859
1500810861
1500796768
1500796766
1500796726
1500810873
1500810894
1500810899
1500810909
1500810917
1500810934
1500810953
1500796720
1500796714
1500796695
1500796671
1500811494
1500796635
1500811520
1500811485
1500811529
1500796621
1500811537
1500796620
1500811562
1500811568
1500811576
1500811582
1500811622
1500811731
1500796608
1500811736
1500811738
1500811760
1500796607
1500811761
1500796606
1500809456
1500809449
1500810962
1500796581
1500810976
1500810994
1500796490
1500811001
1500811008
1500796482
1500811031
1500811062
1500796413
1500796384
1500796369
1500811098
1500811131
1500809447
1500809414
1500811140
1500811144
1500809389
1500811154
1500809376
1500809373
1500809849
1500809360
1500809867
1500809353
1500809871
1500809334
1500809337
1500809311
1500809884
1500809292
1500811768
1500809908
1500809909
1500809277
1500809276
1500809913
1500809270
1500809937
1500809245
1500809953
1500809238
1500809963
1500809224
1500809201
1500796285
1500809199
1500809198
1500809183
1500796254
1500809181
1500796248
1500809964
1500809173
1500809991
1500809138
1500809125
1500809993
1500809122
1500810002
1500809103
1500810041
1500809098
1500797945
1500809792
1500798324
1500797790
1500797220
1500796851
1500798321
1500796723
1500797831
1500796694
1500797030
1500796805
1500797929
1500796594
1500796216
1500809470
1500796489
1500796185
1500796101
1500809091
1500809090
1500809081
1500809079
1500796073
1500809066
1500809058
1500809053
1500809052
1500809047
1500809015
1500808996
1500808969
1500808965
1500808961
1500796066
1500808947
1500808939
1500808938
1500796072
1500808921
1500796043
1500808917
1500796334
1500808905
1500808903
1500808885
1500808871
1500803813
1500808844
1500796772
1500808838
1500808813
1500808811
1500808806
1500808789
1500796086
1500796517
1500796437
1500796005
1500795988
1500808536
1500808785
1500795976
1500795968
1500795967
1500795942
1500808429
1500795921
1500808533
1500808787
1500808530
1500808528
1500808525
1500808782
1500808463
1500808464
1500808751
1500795896
1500795939
1500796053
1500795914
1500808612
1500808750
1500808742
1500808606
1500808585
1500796224
1500808731
1500808574
1500795874
1500808550
1500808706
1500808697
1500808651
1500795880
1500795476
1500795468
1500795879
1500795441
1500795419
1500795391
1500795254
1500795367
1500795223
1500795360
1500795342
1500795291
1500795864
1500795279
1500795270
1500795856
1500795805
1500795778
1500795757
1500795860
1500795452
1500795660
1500795525
1500795680
1500795647
1500795582
1500795575
1500795501
1500808372
1500808359
1500795500
1500795872
1500795572
1500795578
1500808413
1500795890
1500808346
1500808329
1500795397
1500795849
1500795430
1500795265
1500795514
1500808349
1500795174
1500795161
1500795167
1500795163
1500795136
1500795181
1500803692
1500803689
1500803668
1500803665
1500803642
1500803322
1500803286
1500803259
1500803253
1500803204
1500803171
1500803100
1500803093
1500803760
1500803781
1500803743
1500803710
1500803737
1500803783
1500808301
1500808296
1500808272
1500808241
1500808226
1500808206
1500808185
1500808169
1500808141
1500808132
1500808123
1500808067
1500808057
1500808052
1500808043
1500808041
1500808039
1500808037
1500808029
1500808023
1500808004
1500808003
1500807986
1500807951
1500807911
1500807894
1500807876
1500807861
1500807852
1500807844
1500807843
1500807833
1500807824
1500807814
1500807794
1500807784
1500807775
1500807749
1500804392
1500803029
1500803621
1500803003
1500802986
1500802984
1500803600
1500803278
1500802946
1500803656
1500802922
1500803299
1500803699
1500802920
1500802916
1500803183
1500802872
1500802888
1500803617
1500803332
1500803579
1500802811
1500802787
1500803632
1500803164
1500802768
1500803536
1500803597
1500802762
1500802753
1500803448
1500802751
1500803404
1500803576
1500802808
1500803099
1500803748
1500802978
1500803347
1500803434
1500802773
1500802716
1500802944
1500802696
1500802748
1500802670
1500803067
1500802607
1500803382
1500802860
1500802707
1500802605
1500802690
1500807745
1500802602
1500807743
1500802666
1500807742
1500807724
1500807689
1500807651
1500807637
1500807636
1500807611
1500807600
1500807595
1500807557
1500802527
1500802526
1500807555
1500807548
1500802522
1500802503
1500807540
1500807512
1500802502
1500799522
1500803667
1500807499
1500807481
1500807464
1500807447
1500807423
1500807414
1500813362
1500807413
1500807383
1500803453
1500807350
1500807345
1500806466
1500806459
1500806452
1500806434
1500806414
1500806364
1500806315
1500799752
1500804382
1500799726
1500799719
1500804331
1500799651
1500802477
1500802476
1500802459
1500802456
1500806505
1500807344
1500807342
1500807325
1500799637
1500802453
1500802377
1500802364
1500807324
1500807285
1500807251
1500807248
1500804300
1500807229
1500804296
1500804294
1500807209
1500804262
1500807204
1500804259
1500804256
1500807203
1500802331
1500802310
1500802272
1500802431
1500802245
1500799597
1500799590
1500799569
1500799548
1500799527
1500804230
1500799490
1500804212
1500804197
1500802194
1500802129
1500804182
1500802111
1500804167
1500802087
1500804141
1500804127
1500802073
1500802070
1500802043
1500807176
1500806286
1500807125
1500806275
1500804054
1500806272
1500804052
1500804037
1500807121
1500807111
1500807090
1500806242
1500807056
1500801992
1500807129
1500806202
1500807009
1500806197
1500804032
1500807007
1500803910
1500801991
1500803892
1500801970
1500804888
1500804875
1500804868
1500803862
1500801964
1500804865
1500803859
1500801957
1500804863
1500806991
1500804825
1500806988
1500804818
1500804811
1500801955
1500801918
1500806986
1500804809
1500804758
1500804756
1500801910
1500802382
1500804739
1500801872
1500801871
1500804698
1500804605
1500801823
1500804580
1500804556
1500806947
1500806938
1500804555
1500804528
1500801791
1500806929
1500804497
1500806926
1500804443
1500806918
1500804413
1500806903
1500802595
1500802572
1500802563
1500802552
1500802479
1500806816
1500799633
1500807276
1500806971
1500806806
1500807230
1500806790
1500806785
1500806783
1500804236
1500803831
1500802363
1500813405
1500801782
1500801769
1500806763
1500806752
1500802289
1500806748
1500799641
1500806721
1500802026
1500801746
1500801736
1500807196
1500802320
1500801735
1500806301
1500802086
1500801722
1500806720
1500807160
1500806710
1500802449
1500802440
1500804320
1500802255
1500806701
1500806283
1500806681
1500807044
1500803848
1500806662
1500806661
1500806660
1500806597
1500806592
1500806575
1500806546
1500806537
1500806507
1500804395
1500804724
1500801702
1500801815
1500804632
1500801699
1500804109
1500800902
1500800561
1500801672
1500800513
1500801671
1500800873
1500800788
1500800787
1500800740
1500800731
1500800702
1500801652
1500801639
1500801649
1500801599
1500801541
1500801539
1500800684
1500801507
1500800362
1500800681
1500800307
1500800254
1500800076
1500800013
1500801404
1500799907
1500799854
1500799757
1500799689
1500799619
1500800653
1500804034
1500801692
1500800638
1500801384
1500801373
1500801348
1500801281
1500800591
1500801577
1500800692
1500800416
1500800590
1500800557
1500801626
1500800880
1500800589
1500800568
1500801275
1500801248
1500801182
1500801178
1500801169
1500801520
1500801482
1500801140
1500801087
1500801033
1500800474
1500801020
1500800625
1500800988
1500800646
1500804854
1500800975
1500800941
1500801135
1500800912
1500800905
1500801401
1500801067
1500800903
1500800730
1500800984
1500801328
1500799616
1500800562
1500800677
1500799991
1500800114
1500800509
1500800829
1500801663
1500802430
1500800943
1500801031
1500801142
1500801003
1500801228
1500800904
1500800458
1500799984
1500799855
1500799771
1500799819
1500800002
1500800012
1500800316
1500800351
1500800306
1500800058
1500800120
1500800360
1500800075
1500800130
1500800079
1500800113
1500800371
1500800489
1500800258
1500800264
1500800374
1500800413
1500799935
1500800419
1500799869
1500799778
1500806169
1500805044
1500805096
1500805678
1500805977
1500805139
1500804926
1500805698
1500804927
1500805172
1500805070
1500806019
1500805708
1500806020
1500805753
1500804942
1500804977
1500805790
1500806037
1500804981
1500805835
1500806043
1500804987
1500805872
1500806058
1500805235
1500806085
1500806114
1500805253
1500804989
1500805261
1500804996
1500805005
1500806138
1500806150
1500806157
1500805276
1500805278
1500805913
1500805921
1500805304
1500806046
1500805006
1500805784
1500805161
1500805713
1500804940
1500806129
1500805206
1500806159
1500805694
1500805287
1500805327
1500804952
1500805979
1500805884
1500805395
1500805705
1500805608
1500805342
1500805014
1500805510
1500805532
1500805441
1500805366
1500805100
1500805459
1500805561
1500805541
1500805910
1500805580
1500805491
1500805502
1500805621
1500805465
1500805496
1500813264
1500813259
1500813253
1500813228
1500813204
1500813191
1500813185
1500813163
1500813150
1500813115
1500813084
1500813067
1500813066
1500813053
1500813052
1500813037
1500813024
1500813023
1500813017
1500813016
1500813013
1500812974
1500812956
1500812931
1500812925
1500812923
1500812908
1500812878
1500812869
1500812864
1500812847
1500812831
1500811769
1500811987
1500812332
1500812301
1500812280
1500812762
1500812256
1500812736
1500812253
1500811841
1500812224
1500812255
1500812166
1500811979
1500812136
1500812125
1500812734
1500812123
1500811971
1500812120
1500811923
1500812730
1500812104
1500812047
1500811872
1500812010
1500812727
1500812721
1500812635
1500811853
1500812715
1500812537
1500812709
1500812534
1500812708
1500812614
1500812697
1500812642
1500812496
1500812613
1500811808
1500811830
1500812477
1500811810
1500812601
1500811809
1500812466
1500812374
1500812580
1500812460
1500812365
1500812420
1500812553
1500812419
1500812415
1500812364
1500811775
1500811797
1500811845
1500812764
1500811774