
1501039286
1501039310
1501039337
1501039340
1501039355
1501039370
1501039383
1501039387
1501039391
1501039392
1501039399
1501039436
1501039437
1501039459
1501039479
1501039483
1501039549
1501039551
1501039579
1501039583
1501039659
1501039680
1501039698
1501039712
1501039732
1501039733
1501039787
1501039788
1501039803
1501039817
1501039821
1501039834
1501039849
1501039854
1501039874
1501039909
1501039932
1501039933
1501039943
1501039953
1501039960
1501040013
1501040027
1501040043
1501040069
1501040107
1501040113
1501040134
1501040145
1501040154
1501040165
1501040175
1501040192
1501040199
1501040235
1501040236
1501040243
1501040254
1501040291
1501040292
1501040337
1501040342
1501040355
1501040356
1501040388
1501040401
1501040419
1501040437
1501040459
1501040466
1501040497
1501040517
1501040547
1501040552
1501040563
1501040572
1501040574
1501040625
1501040691
1501040731
1501040736
1501040743
1501040745
1501040807
1501040823
1501040828
1501040842
1501040843
1501053268
1501053281
1501053283
1501053319
1501053320
1501053326
1501053328
1501053361
1501053403
1501053426
1501053428
1501053431
1501053485
1501053486
1501053518
1501053539
1501053564
1501053570
1501053579
1501053580
1501053601
1501053629
1501053643
1501053673
1501053697
1501053723
1501053741
1501053747
1501053760
1501053778
1501053780
1501053799
1501053818
1501053819
1501053826
1501053833
1501053846
1501053873
1501053896
1501053900
1501053935
1501053936
1501053940
1501053942
1501053971
1501053986
1501054017
1501054025
1501054040
1501054044
1501054056
1501054090
1501054109
1501054128
1501054161
1501054199
1501054211
1501054237
1501054249
1501054267
1501054268
1501054285
1501054305
1501054310
1501054327
1501054330
1501054347
1501054362
1501054367
1501054387
1501054419
1501054451
1501054467
1501054470
1501054475
1501054478
1501054482
1501054499
1501054519
1501054520
1501054593
1501054601
1501054629
1501054674
1501054704
1501054716
1501054719
1501054749
1501054751
1501054765
1501054788
1501054793
1501054809
1501054811
1501054848
1501054853
1501054883
1501054890
1501054906
1501054933
1501054938
1501054940
1501054941
1501055043
1501055049
1501055092
1501055109
1501055116
1501055135
1501055153
1501055162
1501055168
1501055227
1501055270
1501055274
1501055327
1501055342
1501055347
1501055348
1501055353
1501055358
1501055361
1501055373
1501055378
1501055388
1501055406
1501055420
1501055421
1501055444
1501055461
1501055469
1501055502
1501055549
1501055565
1501055567
1501055613
1501055633
1501055659
1501055677
1501055710
1501055711
1501055724
1501055747
1501055769
1501055779
1501055786
1501055787
1501055815
1501055888
1501055893
1501055903
1501055910
1501055926
1501055938
1501055966
1501055972
1501055990
1501055998
1501056005
1501056046
1501056049
1501056066
1501056081
1501056083
1501056103
1501056129
1501056142
1501056179
1501056208
1501056222
1501056241
1501056242
1501056254
1501056294
1501056360
1501056402
1501056403
1501056436
1501056461
1501056492
1501056526
1501056545
1501056563
1501056591
1501056606
1501056627
1501056637
1501056645
1501056646
1501056662
1501056663
1501056669
1501056693
1501056732
1501056739
1501056748
1501056766
1501056781
1501056784
1501056787
1501056792
1501056802
1501056807
1501056808
1501056812
1501056817
1501056823
1501056825
1501056830
1501056894
1501056897
1501056905
1501056908
1501056936
1501056944
1501056973
1501056979
1501056986
1501057017
1501057023
1501057024
1501057073
1501057074
1501057103
1501057122
1501057128
1501057157
1501057177
1501057189
1501057207
1501057219
1501057295
1501057311
1501057312
1501057334
1501057340
1501057347
1501057376
1501057392
1501057397
1501057399
1501057404
1501057442
1501057459
1501057461
1501057467
1501057597
1501057598
1501057602
1501057658
1501057741
1501057766
1501057784
1501057810
1501057817
1501057826
1501057884
1501057897
1501057917
1501057930
1501057950
1501057954
1501057964
1501058018
1501058024
1501058032
1501058070
1501058098
1501058122
1501058140
1501058142
1501058156
1501058174
1501058191
1501058201
1501058256
1501058310
1501058370
1501058376
1501058389
1501058401
1501058415
1501058416
1501058441
1501058448
1501058488
1501058512
1501058523
1501058527
1501058562
1501058610
1501058619
1501058621
1501058647
1501058668
1501058673
1501058676
1501058695
1501058696
1501058716
1501058741
1501058796
1501058797
1501058818
1501058825
1501058830
1501058838
1501058849
1501058859
1501058863
1501058866
1501058949
1501058972
1501059029
1501059047
1501059048
1501059073
1501059075
1501059161
1501059177
1501059218
1501059219
1501059226
1501059246
1501059294
1501059305
1501059315
1501059330
1501059344
1501059359
1501059366
1501059370
1501059388
1501059418
1501059753
1501059851
1501059873
1501059891
1501059914
1501059917
1501059980
1501059986
1501059987
1501060040
1501060079
1501060097
1501060110
1501060147
1501060182
1501060183
1501060222
1501060238
1501060320
1501060375
1501060399
1501060447
1501060455
1501060468
1501060480
1501060516
1501060565
1501060579
1501060649
1501060665
1501060723
1501060755
1501060758
1501060825
1501060845
1501060846
1501060857
1501060885
1501060893
1501060908
1501060931
1501060950
1501060960
1501060969
1501060979
1501061610
1501061621
1501061632
1501061660
1501061683
1501061696
1501061748
1501059815
1501059724
1501057564
1501057529
1501061601
1501057528
1501061580
1501061577
1501057515
1501059694
1501061563
1501062997
1501059671
1501061528
1501061511
1501061510
1501059651
1501061497
1501061480
1501061479
1501059619
1501061477
1501059782
1501059601
1501061473
1501061450
1501061448
1501059594
1501061433
1501059556
1501061421
1501061390
1501061375
1501059605
1501061363
1501061316
1501061299
1501059770
1501061298
1501059758
1501061297
1501059550
1501059754
1501061277
1501059545
1501062983
1501061273
1501061224
1501062968
1501059520
1501061202
1501061270
1501062939
1501061191
1501062926
1501061182
1501062923
1501061164
1501062919
1501061151
1501062918
1501061108
1501062888
1501061096
1501062878
1501061068
1501062875
1501061041
1501062874
1501057497
1501062873
1501062836
1501065948
1501062829
1501062823
1501062793
1501062790
1501062775
1501062768
1501057488
1501062765
1501057478
1501062756
1501065931
1501062745
1501065917
1501062717
1501065911
1501062692
1501064882
1501062679
1501065879
1501062678
1501065876
1501062665
1501065874
1501062645
1501065865
1501062638
1501065861
1501062620
1501065821
1501062616
1501065811
1501062607
1501065806
1501065802
1501062598
1501065788
1501062559
1501065770
1501062538
1501065753
1501062530
1501065743
1501062526
1501065740
1501062462
1501065698
1501062443
1501065687
1501062434
1501065680
1501062401
1501065678
1501062400
1501065672
1501062373
1501065652
1501062365
1501065651
1501062358
1501065633
1501062347
1501065625
1501065622
1501062332
1501061033
1501062331
1501061005
1501062315
1501062296
1501060991
1501062287
1501062276
1501064845
1501062258
1501064793
1501062224
1501064770
1501062207
1501064761
1501062192
1501064759
1501062163
1501062162
1501064718
1501062129
1501064653
1501062121
1501064641
1501062074
1501064614
1501062059
1501064585
1501061985
1501061976
1501061973
1501064578
1501061947
1501064559
1501061932
1501061938
1501061928
1501064555
1501061902
1501064546
1501061891
1501064530
1501061875
1501064525
1501061869
1501064502
1501063790
1501064460
1501061868
1501064420
1501061850
1501064408
1501061819
1501064354
1501061818
1501064315
1501059486
1501061811
1501063783
1501061790
1501064310
1501061764
1501065614
1501061761
1501065613
1501065496
1501061751
1501054051
1501059481
1501065471
1501058334
1501055427
1501059478
1501065443
1501065392
1501065389
1501065374
1501065358
1501065338
1501065337
1501065321
1501065315
1501065314
1501065305
1501065270
1501065254
1501065201
1501065186
1501065182
1501065165
1501065156
1501065148
1501065112
1501065096
1501065094
1501065072
1501065055
1501065043
1501065042
1501065041
1501065038
1501065004
1501064963
1501064952
1501064945
1501063741
1501064942
1501064935
1501064929
1501064921
1501064894
1501063737
1501060483
1501064309
1501064290
1501058254
1501064256
1501064248
1501064223
1501059456
1501064207
1501064187
1501064185
1501059431
1501064150
1501064136
1501064122
1501059430
1501064118
1501064112
1501064095
1501058989
1501064081
1501064076
1501063732
1501064058
1501063721
1501064035
1501063709
1501064014
1501064012
1501063707
1501058068
1501063705
1501067080
1501058644
1501060481
1501063985
1501063695
1501065993
1501063939
1501063675
1501063930
1501063671
1501060476
1501063906
1501063658
1501063905
1501063560
1501058660
1501063863
1501063547
1501068173
1501063845
1501063540
1501068164
1501063822
1501063497
1501068160
1501067068
1501063495
1501067065
1501068130
1501063427
1501067054
1501068118
1501063423
1501067044
1501068109
1501063345
1501067042
1501063336
1501067032
1501063323
1501067024
1501063313
1501066966
1501063300
1501066919
1501063289
1501066884
1501063288
1501066856
1501063285
1501066819
1501063239
1501066813
1501063238
1501066810
1501065968
1501063234
1501066778
1501065954
1501063223
1501066730
1501066771
1501070101
1501066714
1501070100
1501066710
1501066695
1501070061
1501066679
1501070057
1501066581
1501070042
1501066568
1501070038
1501066565
1501070037
1501066444
1501066505
1501070032
1501066414
1501068062
1501066400
1501068061
1501066398
1501069210
1501068031
1501066397
1501068023
1501066396
1501068017
1501066385
1501068000
1501066384
1501067956
1501066383
1501067947
1501066373
1501067934
1501066366
1501067910
1501066350
1501067811
1501066349
1501066347
1501067802
1501066313
1501067743
1501066307
1501067740
1501066299
1501070024
1501066248
1501069996
1501066229
1501069983
1501066221
1501069953
1501066213
1501069947
1501066162
1501069927
1501066156
1501069916
1501066153
1501069858
1501066148
1501069840
1501066142
1501069813
1501066121
1501069796
1501066112
1501069767
1501066091
1501069761
1501066077
1501069759
1501066072
1501069755
1501066044
1501069729
1501066043
1501066037
1501067732
1501066031
1501067726
1501066015
1501067722
1501066012
1501067707
1501066009
1501067690
1501067670
1501069712
1501069706
1501059862
1501067652
1501059831
1501059744
1501059814
1501069691
1501069689
1501069660
1501069657
1501069639
1501069637
1501069628
1501069606
1501069605
1501069585
1501067596
1501067566
1501067553
1501067550
1501059717
1501057562
1501067534
1501063218
1501057512
1501063202
1501067532
1501063179
1501059644
1501059686
1501067506
1501063149
1501070213
1501063144
1501070210
1501063135
1501070189
1501070174
1501070165
1501067492
1501070160
1501067489
1501070136
1501067488
1501070126
1501067484
1501070115
1501067616
1501067450
1501069180
1501067449
1501069570
1501069155
1501069557
1501072532
1501069523
1501069138
1501072502
1501069132
1501069508
1501069122
1501069096
1501069088
1501069084
1501069044
1501069018
1501068988
1501068986
1501069469
1501068952
1501069420
1501069458
1501068922
1501068896
1501068873
1501067444
1501068872
1501067404
1501068871
1501067397
1501068853
1501067377
1501068840
1501067375
1501068817
1501067347
1501068790
1501072498
1501068782
1501068769
1501068746
1501069413
1501068740
1501069401
1501068680
1501069399
1501068645
1501068673
1501068641
1501069378
1501068614
1501069372
1501068603
1501069363
1501068583
1501069355
1501068581
1501069345
1501068579
1501069344
1501068526
1501069317
1501068517
1501068445
1501069313
1501068442
1501069290
1501068439
1501068419
1501068409
1501068386
1501068382
1501068354
1501068340
1501068314
1501067346
1501068301
1501067331
1501068295
1501068284
1501067325
1501068269
1501067295
1501068253
1501067288
1501067278
1501068217
1501068249
1501068213
1501067254
1501059730
1501067251
1501067246
1501057572
1501069282
1501069273
1501069235
1501059467
1501069233
1501072850
1501069230
1501072839
1501069226
1501072769
1501069220
1501072497
1501067201
1501072756
1501067182
1501072751
1501067170
1501072729
1501067166
1501072727
1501067165
1501072709
1501067146
1501072692
1501072669
1501067093
1501072619
1501067091
1501072494
1501072485
1501072470
1501072434
1501072423
1501072554
1501072553
1501072549
1501063087
1501072543
1501072535
1501063086
1501072534
1501063072
1501072533
1501070384
1501070371
1501070341
1501070335
1501072413
1501072394
1501072384
1501072307
1501072245
1501072233
1501072230
1501072228
1501072226
1501072213
1501072212
1501072203
1501072187
1501072185
1501070676
1501070553
1501070540
1501075081
1501070657
1501081616
1501070506
1501081589
1501075067
1501081561
1501070465
1501081020
1501070429
1501081496
1501081019
1501081487
1501081009
1501081464
1501081003
1501070428
1501081448
1501072612
1501080988
1501072601
1501081441
1501073140
1501079952
1501073081
1501081418
1501073069
1501080956
1501073063
1501081409
1501073046
1501080931
1501079305
1501081407
1501072978
1501080920
1501081380
1501077576
1501080908
1501072976
1501081367
1501072962
1501080888
1501077564
1501081365
1501072941
1501081352
1501072931
1501080887
1501077531
1501081322
1501077527
1501080878
1501077520
1501081317
1501077465
1501072147
1501080858
1501077426
1501080852
1501072140
1501081310
1501077418
1501072130
1501072124
1501083576
1501072096
1501080851
1501081081
1501081305
1501072085
1501080848
1501077381
1501081302
1501077373
1501080840
1501072062
1501081275
1501077367
1501080838
1501072052
1501081264
1501072024
1501080767
1501077363
1501081225
1501081058
1501080764
1501077361
1501081219
1501072015
1501072005
1501073863
1501077358
1501076194
1501072000
1501073845
1501076178
1501071980
1501077261
1501073839
1501071924
1501076176
1501071909
1501076159
1501073769
1501076137
1501073742
1501073716
1501063047
1501076124
1501079294
1501073712
1501083531
1501076089
1501083820
1501073710
1501083516
1501080754
1501083812
1501081208
1501083499
1501079951
1501083803
1501080745
1501083480
1501083713
1501083468
1501083709
1501082981
1501083700
1501083432
1501083667
1501083431
1501081204
1501083652
1501080718
1501083429
1501081173
1501083646
1501080685
1501083371
1501081164
1501083359
1501080676
1501082979
1501083357
1501076034
1501083325
1501073703
1501083317
1501076029
1501083295
1501073668
1501083290
1501083288
1501076013
1501083249
1501073665
1501083201
1501081135
1501083187
1501080656
1501081130
1501073832
1501080653
1501077260
1501081126
1501071862
1501080594
1501077259
1501081123
1501071830
1501080578
1501077224
1501081105
1501071822
1501080544
1501077222
1501080539
1501077171
1501079934
1501071816
1501080538
1501079921
1501071775
1501080497
1501077133
1501079897
1501071773
1501080450
1501075051
1501079869
1501077125
1501080449
1501071770
1501079836
1501071755
1501080422
1501077124
1501079835
1501071730
1501080414
1501071722
1501079811
1501077115
1501079790
1501071655
1501080412
1501071623
1501075982
1501085653
1501073659
1501077111
1501075968
1501071614
1501073648
1501071539
1501085610
1501077096
1501075964
1501071531
1501073643
1501071471
1501075921
1501077084
1501073634
1501071447
1501075856
1501077083
1501073620
1501071421
1501075850
1501071395
1501073617
1501077061
1501075836
1501071376
1501073616
1501071371
1501075815
1501077050
1501075004
1501071368
1501075805
1501077047
1501073611
1501071363
1501075740
1501077033
1501073591
1501071362
1501075736
1501071361
1501073585
1501077032
1501073560
1501071357
1501073554
1501071303
1501079775
1501077012
1501080366
1501071285
1501079767
1501071172
1501080337
1501077002
1501079730
1501071102
1501080324
1501071047
1501079724
1501077000
1501080316
1501071031
1501079684
1501076989
1501080287
1501071021
1501079664
1501070988
1501076970
1501070876
1501070867
1501076964
1501070786
1501070779
1501076950
1501073543
1501070777
1501075729
1501070749
1501070739
1501073531
1501076943
1501073527
1501070720
1501075721
1501070707
1501073514
1501070705
1501083148
1501074968
1501083143
1501073470
1501083129
1501075689
1501083112
1501083055
1501083050
1501082998
1501082988
1501082633
1501082617
1501082611
1501082578
1501082577
1501082566
1501082563
1501082557
1501082549
1501085609
1501082518
1501080280
1501082504
1501082498
1501082494
1501085580
1501073455
1501082455
1501082450
1501073448
1501082434
1501075683
1501082433
1501079649
1501082421
1501080272
1501082416
1501073423
1501082409
1501073415
1501082404
1501080265
1501082372
1501079548
1501082362
1501079538
1501082357
1501082353
1501080253
1501082335
1501079507
1501082323
1501080234
1501082255
1501079502
1501082213
1501080231
1501082212
1501079484
1501082210
1501080227
1501082203
1501079469
1501082161
1501080187
1501082096
1501079459
1501082083
1501080165
1501082082
1501079454
1501082063
1501080137
1501082056
1501079423
1501081971
1501080121
1501082006
1501079397
1501081979
1501080118
1501081962
1501079387
1501081946
1501080081
1501081931
1501075658
1501081919
1501073386
1501081866
1501081864
1501075595
1501081776
1501073376
1501081855
1501081755
1501075584
1501081753
1501073369
1501081712
1501075561
1501081701
1501073344
1501075468
1501073338
1501075464
1501073333
1501075454
1501073316
1501075446
1501073309
1501075445
1501081622
1501073280
1501070701
1501075419
1501070689
1501073270
1501081621
1501075414
1501085579
1501079372
1501085576
1501079369
1501085561
1501079343
1501085557
1501083599
1501079204
1501079339
1501085525
1501083589
1501085522
1501079321
1501085496
1501083579
1501085508
1501075098
1501072138
1501085493
1501085480
1501079178
1501085476
1501073269
1501085465
1501073239
1501085445
1501075386
1501085441
1501073211
1501085412
1501075362
1501085406
1501078121
1501085396
1501085361
1501085336
1501085326
1501085307
1501085279
1501085278
1501085256
1501073188
1501085227
1501085214
1501075352
1501085203
1501073181
1501085163
1501073150
1501085157
1501075330
1501085149
1501055782
1501085130
1501085123
1501079151
1501085032
1501079150
1501085026
1501085008
1501084997
1501084968
1501079127
1501084937
1501084931
1501079124
1501084925
1501079101
1501084911
1501078987
1501084830
1501078981
1501084821
1501084804
1501078940
1501078908
1501081698
1501078895
1501081689
1501078826
1501075327
1501081688
1501076939
1501081677
1501076937
1501081641
1501081675
1501081636
1501076930
1501072866
1501075307
1501070327
1501070308
1501076884
1501085939
1501076867
1501085926
1501075305
1501078118
1501075303
1501085919
1501075294
1501085909
1501075252
1501085903
1501074940
1501085902
1501075250
1501085866
1501074914
1501085859
1501075217
1501085823
1501074887
1501085819
1501075180
1501085817
1501085808
1501078825
1501085798
1501078823
1501085791
1501078808
1501085768
1501078759
1501085758
1501078752
1501085757
1501078724
1501085755
1501082976
1501085727
1501085699
1501078708
1501085670
1501082970
1501085663
1501078700
1501078092
1501074880
1501078060
1501075169
1501078050
1501074876
1501078020
1501075168
1501078009
1501084178
1501074822
1501084176
1501075165
1501084161
1501084149
1501074799
1501084139
1501084124
1501084119
1501084108
1501084072
1501084059
1501084030
1501084016
1501074772
1501084003
1501083959
1501075163
1501074762
1501083935
1501075158
1501083914
1501075156
1501083900
1501070647
1501083863
1501083896
1501083851
1501075134
1501083847
1501075124
1501083833
1501070616
1501075119
1501070589
1501058268
1501082641
1501072580
1501063133
1501078340
1501069219
1501081841
1501079292
1501082948
1501078269
1501079283
1501078247
1501079271
1501078223
1501079261
1501078186
1501079259
1501078168
1501079238
1501078154
1501079228
1501078150
1501079216
1501078146
1501074755
1501074273
1501077760
1501076815
1501086549
1501076440
1501086446
1501084190
1501086528
1501081805
1501077997
1501077751
1501074845
1501086343
1501081797
1501077633
1501078699
1501086435
1501086486
1501086506
1501081780
1501077625
1501077988
1501086263
1501076641
1501086419
1501086307
1501086341
1501077621
1501078687
1501077658
1501086293
1501082941
1501086254
1501074749
1501077587
1501086285
1501074246
1501077637
1501086488
1501086489
1501086174
1501078682
1501086124
1501086406
1501077987
1501086151
1501078623
1501086102
1501086107
1501074735
1501077976
1501086061
1501076430
1501086008
1501082936
1501086103
1501085996
1501074709
1501085998
1501074245
1501085984
1501074704
1501085973
1501074202
1501063006
1501077968
1501062999
1501078617
1501063034
1501077917
1501082916
1501063030
1501078588
1501063013
1501077844
1501063007
1501082908
1501074032
1501074700
1501074462
1501074188
1501076229
1501076806
1501076626
1501076416
1501074031
1501074456
1501074690
1501074030
1501074177
1501082899
1501076625
1501077813
1501074008
1501078586
1501074445
1501077802
1501074005
1501082896
1501076613
1501086465
1501073983
1501078566
1501074435
1501077794
1501078550
1501073976
1501086575
1501086458
1501078549
1501077772
1501082888
1501076764
1501076414
1501074669
1501076599
1501074174
1501073975
1501076394
1501074169
1501076596
1501076759
1501074429
1501086564
1501078523
1501073957
1501086447
1501074422
1501078516
1501084803
1501073952
1501082859
1501076365
1501076571
1501074662
1501073944
1501073936
1501074164
1501084799
1501073934
1501076753
1501074396
1501078487
1501073879
1501074651
1501075037
1501084713
1501082833
1501076539
1501084701
1501074377
1501084684
1501076211
1501076537
1501074159
1501073869
1501076742
1501073964
1501074363
1501078467
1501076327
1501076536
1501082748
1501084677
1501075050
1501084670
1501074151
1501074577
1501078457
1501084641
1501082734
1501084547
1501078450
1501076315
1501076715
1501084536
1501074118
1501084514
1501082731
1501074568
1501084511
1501076308
1501074525
1501074095
1501076691
1501076290
1501074512
1501074075
1501074491
1501074072
1501076687
1501074053
1501074466
1501076280
1501076666
1501078427
1501084486
1501082724
1501084481
1501084479
1501078413
1501084463
1501082719
1501084450
1501078410
1501084444
1501082716
1501084443
1501078403
1501084433
1501082712
1501084429
1501076236
1501078401
1501076278
1501084425
1501082701
1501074464
1501084417
1501074040
1501074044
1501076660
1501074463
1501084232
1501078383
1501074276
1501084347
1501082687
1501076512
1501084327
1501070225
1501074325
1501074319
1501070221
1501076502
1501070299
1501078372
1501084324
1501084309
1501074431
1501084281
1501084270
1501084256
1501059449
1501070230
1501076814
1501059666
1501074642
1501076531
1501074275
1501076853
1501076500
1501070220
1501076833
1501076838
1501076477
1501084221
1501076204
1501084214
1501074345
1501076337
1501057519
1501084195
1501084205
1501086663
1501086631
1501086638
1501086642
1501088973
1501087818
1501087768
1501086671
1501086695
1501086696
1501086715
1501086725
1501087881
1501086730
1501087907
1501086741
1501086749
1501087978
1501086750
1501088019
1501086751
1501086773
1501086775
1501086803
1501086804
1501086816
1501086817
1501088035
1501086832
1501088036
1501086836
1501086844
1501088093
1501086865
1501088095
1501086875
1501086876
1501086877
1501086886
1501086895
1501086899
1501088102
1501088106
1501086954
1501086958
1501088141
1501087013
1501088165
1501087034
1501087053
1501087036
1501087057
1501088190
1501087067
1501088199
1501087084
1501087121
1501087122
1501088204
1501087165
1501087172
1501087249
1501087274
1501088215
1501088225
1501088246
1501088287
1501087287
1501087289
1501087292
1501087351
1501087396
1501088289
1501088294
1501088305
1501088459
1501088725
1501088469
1501088464
1501088481
1501088754
1501088528
1501087440
1501088772
1501087441
1501088795
1501088807
1501087480
1501087481
1501088560
1501088569
1501088571
1501087503
1501087509
1501087543
1501087584
1501088574
1501088576
1501088595
1501088601
1501087604
1501087605
1501087623
1501087639
1501088621
1501088623
1501088651
1501088661
1501087680
1501087721
1501088719
1501088856
1501088859
1501088203
1501088874
1501088862
1501088834
1501088928
1501088931
1501088941
1501088938
1501088964
1501088032
1501088952
1501088534
1501088681
1501087401
1501088892
1501088757
1501088975
1501088992
1501089578
1501089547
1501090198
1501090132
1501090116
1501090186
1501090179
1501090084
1501090075
1501090074
1501090068
1501089540
1501089536
1501089045
1501089838
1501089535
1501090049
1501089526
1501090025
1501090002
1501089485
1501090066
1501089776
1501089458
1501089422
1501089757
1501089980
1501089756
1501089961
1501089700
1501089696
1501089420
1501089682
1501089403
1501089925
1501089401
1501089899
1501089359
1501089898
1501089657
1501089877
1501089642
1501089875
1501089641
1501089327
1501089628
1501089322
1501094308
1501094288
1501094287
1501094263
1501094260
1501094255
1501094248
1501094242
1501094232
1501094208
1501094176
1501094138
1501094129
1501094120
1501094111
1501094046
1501094037
1501094004
1501093992
1501093991
1501093961
1501093932
1501093930
1501093928
1501093907
1501093874
1501093873
1501093870
1501093868
1501093865
1501093858
1501093835
1501093811
1501093773
1501093764
1501093745
1501093717
1501093699
1501093698
1501093681
1501093656
1501093619
1501093608
1501093606
1501093584
1501093575
1501093565
1501093497
1501093474
1501093441
1501093429
1501093404
1501093400
1501093391
1501093384
1501093378
1501093364
1501093348
1501093284
1501093278
1501093271
1501093263
1501093251
1501093242
1501093223
1501093207
1501093181
1501093161
1501093159
1501093153
1501093152
1501093125
1501093122
1501093070
1501093049
1501093009
1501092984
1501092966
1501092953
1501092938
1501092933
1501092919
1501092909
1501092879
1501092839
1501092802
1501092792
1501092753
1501092750
1501092743
1501092684
1501092666
1501092630
1501092611
1501092543
1501092530
1501092524
1501092522
1501092459
1501092451
1501092430
1501092425
1501092411
1501092366
1501092364
1501092353
1501092340
1501092315
1501092302
1501092294
1501092263
1501092211
1501092184
1501092174
1501092167
1501092152
1501092149
1501092139
1501092137
1501092075
1501092065
1501092053
1501092050
1501092024
1501092016
1501092015
1501092013
1501092006
1501091275
1501091251
1501091222
1501091218
1501091215
1501091202
1501091137
1501091133
1501091123
1501091120
1501091099
1501091083
1501091080
1501091066
1501091036
1501091033
1501091021
1501091012
1501090999
1501090996
1501090975
1501090966
1501090927
1501090921
1501090904
1501090885
1501090876
1501090871
1501090853
1501098330
1501098257
1501098234
1501098211
1501098203
1501098201
1501098189
1501098188
1501098174
1501098170
1501098135
1501098130
1501098121
1501098107
1501098100
1501098067
1501097957
1501097926
1501097916
1501097892
1501097868
1501097846
1501097837
1501097836
1501089867
1501089314
1501089306
1501089853
1501089625
1501089848
1501089594
1501089593
1501089764
1501089456
1501089974
1501089298
1501089990
1501089270
1501089258
1501089235
1501089212
1501089084
1501089089
1501089080
1501089187
1501089079
1501089077
1501089125
1501089119
1501089071
1501089059
1501089116
1501089103
1501089052
1501089101
1501089094
1501089782
1501089731
1501102576
1501102538
1501102521
1501102511
1501102493
1501102481
1501102462
1501102409
1501102405
1501102404
1501102362
1501102351
1501102344
1501102336
1501102315
1501102276
1501102255
1501102212
1501102149
1501102147
1501102138
1501102131
1501102119
1501102107
1501102095
1501102075
1501102071
1501102009
1501101993
1501101985
1501101969
1501101946
1501101936
1501101929
1501101919
1501101908
1501101774
1501101769
1501101765
1501101752
1501101740
1501101731
1501101726
1501101693
1501101657
1501101653
1501101622
1501101618
1501101601
1501101600
1501101591
1501101581
1501101579
1501101539
1501101530
1501101521
1501101501
1501101494
1501101493
1501101468
1501101452
1501101439
1501101433
1501101429
1501101426
1501101376
1501101368
1501101355
1501101340
1501101330
1501101298
1501101297
1501101264
1501101254
1501101231
1501101222
1501101208
1501101207
1501101192
1501101189
1501101185
1501101167
1501101160
1501101159
1501101148
1501101143
1501101137
1501101135
1501101126
1501101122
1501101114
1501101103
1501101082
1501101062
1501101052
1501101043
1501101033
1501101032
1501101021
1501101001
1501100997
1501100994
1501100993
1501100988
1501100965
1501100894
1501100880
1501100861
1501100860
1501100859
1501100854
1501100835
1501100775
1501100699
1501100694
1501100689
1501121977
1501121915
1501121905
1501121888
1501121750
1501121730
1501121705
1501121681
1501121679
1501121678
1501121644
1501121642
1501121638
1501121615
1501121607
1501121602
1501121600
1501121325
1501121307
1501121291
1501121280
1501121268
1501121206
1501121182
1501121175
1501121170
1501131933
1501131920
1501131919
1501131914
1501131800
1501131743
1501131738
1501131734
1501131733
1501131727
1501097995
1501090845
1501090834
1501090823
1501098004
1501098027
1501090810
1501098041
1501090806
1501090786
1501090755
1501090688
1501090717
1501090665
1501090659
1501090645
1501092894
1501090441
1501090462
1501090293
1501090616
1501090331
1501090440
1501090598
1501090592
1501090400
1501090347
1501090287
1501090266
1501090228
1501090571
1501090553
1501090503
1501090345
1501090502
1501090334
1501090546
1501090469
1501090486
1501090522
1501098357
1501090507
1501121327
1501122206
1501120671
1501120678
1501121986
1501122021
1501121770
1501121781
1501122049
1501121782
1501122058
1501121786
1501121849
1501122088
1501122135
1501122153
1501122155
1501122157
1501120699
1501122181
1501122185
1501129548
1501120721
1501120733
1501129561
1501129580
1501120746
1501129583
1501120763
1501129661
1501120768
1501129667
1501129668
1501120778
1501129672
1501120795
1501129682
1501120799
1501129692
1501129694
1501120805
1501120861
1501129705
1501129712
1501120937
1501129733
1501120949
1501129763
1501120969
1501129764
1501121022
1501129776
1501129848
1501121029
1501129853
1501121041
1501129878
1501121046
1501121150
1501129884
1501129888
1501121156
1501129893
1501129966
1501129907
1501129971
1501129972
1501129921
1501129936
1501129939
1501130006
1501129941
1501129943
1501130014
1501130016
1501129944
1501129950
1501130485
1501130496
1501130078
1501130506
1501130085
1501130117
1501130532
1501130534
1501130167
1501130171
1501130538
1501130600
1501130197
1501130627
1501130200
1501130936
1501130647
1501130221
1501130270
1501130658
1501130697
1501130295
1501130299
1501130700
1501130302
1501130706
1501130306
1501130749
1501130323
1501130750
1501130336
1501130763
1501130358
1501130775
1501130367
1501130815
1501130376
1501130864
1501130395
1501130881
1501130396
1501130901
1501130401
1501130927
1501130429
1501130930
1501130970
1501130935
1501130990
1501130441
1501130467
1501122278
1501121377
1501121419
1501121420
1501122295
1501122312
1501122349
1501121432
1501131692
1501121440
1501121469
1501121472
1501131397
1501131413
1501131430
1501121476
1501121507
1501131452
1501131489
1501121547
1501121561
1501131498
1501131525
1501121591
1501131528
1501131568
1501101588
1501120690
1501131018
1501131041
1501131043
1501120513
1501100563
1501100576
1501131071
1501131135
1501131145
1501131155
1501100587
1501100596
1501100605
1501100617
1501131158
1501131167
1501131173
1501131201
1501100622
1501100641
1501100673
1501131203
1501100685
1501131231
1501131258
1501131282
1501131572
1501131578
1501122245
1501131611
1501122277
1501121345
1501100853
1501100688
1501100557
1501131314
1501130025
1501121198
1501100532
1501100482
1501099255
1501122216
1501099249
1501098679
1501099280
1501099240
1501100463
1501098674
1501098669
1501099237
1501099172
1501100451
1501098664
1501100434
1501098640
1501099157
1501098638
1501098634
1501099145
1501099140
1501098599
1501098558
1501099096
1501099069
1501098539
1501099030
1501098511
1501099025
1501098503
1501099012
1501098993
1501098502
1501098480
1501098965
1501098960
1501098475
1501098925
1501098464
1501098917
1501098460
1501098455
1501098902
1501098434
1501098888
1501098420
1501098858
1501098815
1501098393
1501099163
1501120657
1501100399
1501100381
1501120620
1501120615
1501098781
1501098805
1501120585
1501120581
1501098801
1501100365
1501100364
1501120567
1501100342
1501120549
1501100302
1501120529
1501100240
1501098782
1501100239
1501100282
1501100219
1501100369
1501099842
1501100209
1501100186
1501099823
1501100148
1501099770
1501100143
1501099760
1501100130
1501099744
1501100100
1501099671
1501100090
1501099624
1501099623
1501100074
1501098811
1501099597
1501099595
1501098686
1501099566
1501099433
1501099560
1501099391
1501099355
1501099549
1501099529
1501099335
1501099313
1501099501
1501099491
1501099301
1501099281
1501098692
1501099937
1501131002
1501100052
1501099935
1501099873
1501099894
1501099882
1501099855
1501099980
1501098770
1501099917
1501099976
1501099955
1501099872
1501100050
1501099951
1501100545
1501098546
1501100060
1501098402
1501099478
1501096603
1501096596
1501097821
1501096607
1501096608
1501096694
1501096600
1501096742
1501097291
1501097296
1501096776
1501097297
1501096810
1501097322
1501096833
1501097349
1501096834
1501097350
1501097377
1501097394
1501096484
1501097407
1501094388
1501097414
1501097424
1501094389
1501097439
1501097445
1501094426
1501094430
1501094381
1501094479
1501096864
1501094514
1501096872
1501094525
1501096895
1501096930
1501094322
1501096969
1501096970
1501094343
1501094346
1501096975
1501096976
1501094350
1501097014
1501094358
1501097019
1501094372
1501094543
1501094563
1501096919
1501094439
1501094584
1501096859
1501094585
1501097093
1501094594
1501094609
1501097034
1501094640
1501094662
1501097179
1501094685
1501094721
1501097199
1501097202
1501094735
1501097219
1501094738
1501097251
1501094740
1501097263
1501094749
1501097287
1501094591
1501094768
1501096954
1501094769
1501097127
1501094772
1501094780
1501094792
1501097135
1501097147
1501097149
1501097154
1501094842
1501094855
1501097165
1501097166
1501095396
1501097121
1501095436
1501095470
1501094875
1501094876
1501095473
1501095500
1501094889
1501095503
1501094899
1501095509
1501094907
1501095520
1501094939
1501097487
1501094955
1501094968
1501095549
1501095555
1501094975
1501095003
1501097501
1501097517
1501095017
1501095037
1501095626
1501095052
1501095666
1501095054
1501097520
1501097175
1501095065
1501095081
1501095112
1501095395
1501097466
1501094870
1501095747
1501097525
1501097523
1501095143
1501097547
1501095784
1501095156
1501095181
1501095802
1501095804
1501095202
1501095204
1501095820
1501095855
1501095792
1501095880
1501095236
1501095242
1501095253
1501095255
1501095264
1501095265
1501095903
1501095311
1501095931
1501095312
1501095973
1501096004
1501096024
1501095316
1501095331
1501096072
1501096145
1501095347
1501095349
1501096152
1501096169
1501095375
1501096170
1501095380
1501095381
1501095386
1501096184
1501095389
1501096188
1501094653
1501096205
1501096227
1501095690
1501097585
1501096250
1501096253
1501096268
1501096269
1501096289
1501095062
1501095761
1501096344
1501095149
1501095162
1501096357
1501096358
1501095876
1501097624
1501095217
1501097643
1501097664
1501095956
1501096367
1501096375
1501097668
1501097693
1501097702
1501097704
1501097618
1501095126
1501096299
1501127838
1501097780
1501128067
1501097752
1501128071
1501128103
1501097771
1501128107
1501128117
1501128124
1501128083
1501129439
1501128142
1501097748
1501128163
1501096270
1501128195
1501127329
1501129445
1501128220
1501128228
1501129468
1501129478
1501128247
1501128304
1501129498
1501129511
1501128326
1501128396
1501129516
1501128397
1501129521
1501128398
1501129538
1501129527
1501128430
1501128438
1501129543
1501120462
1501128479
1501128480
1501120508
1501128503
1501128511
1501127002
1501127023
1501128134
1501128530
1501127339
1501127368
1501128533
1501128537
1501128578
1501128579
1501127378
1501127398
1501127399
1501127405
1501128677
1501127471
1501128729
1501128727
1501128735
1501128775
1501096441
1501128812
1501127086
1501128833
1501127110
1501128849
1501127125
1501128881
1501127139
1501128886
1501128887
1501127151
1501127152
1501128962
1501128976
1501127170
1501127248
1501127484
1501129043
1501129072
1501129074
1501129090
1501127254
1501129112
1501127257
1501127263
1501127274
1501129126
1501129143
1501127275
1501129159
1501129185
1501127495
1501127512
1501127546
1501127565
1501097806
1501129199
1501129222
1501127630
1501129256
1501127644
1501127645
1501129272
1501129301
1501127654
1501127666
1501129316
1501127667
1501129329
1501129338
1501127681
1501129366
1501127691
1501129368
1501127733
1501129401
1501127758
1501127784
1501127293
1501127795
1501129193
1501127806
1501127801
1501127540
1501097799
1501127558
1501127038
1501129221
1501127478
1501127578
1501129226
1501128778
1501091994
1501091676
1501091737
1501091659
1501091637
1501091884
1501091658
1501091892
1501091924
1501091643
1501091654
1501091957
1501091965
1501091708
1501091748
1501091880
1501091967
1501091973
1501091580
1501091985
1501091666
1501091290
1501091830
1501091294
1501091756
1501091303
1501091318
1501091803
1501091827
1501091829
1501091320
1501091439
1501091416
1501091347
1501091350
1501091356
1501091463
1501091357
1501091528
1501091870
1501091543
1501091837
1501091576
1501091398
1501091399
1501091587
1501091572
1501091539
1501091832
1501091596
1501091845
1501091370
1501127869
1501128039
1501128036
1501127955
1501127858
1501128030
1501127897
1501127926
1501128000
1501127841
1501127886
1501127970
1501096501
1501096584
1501096524
1501096556
1501096557
1501106060
1501106076
1501106041
1501105988
1501105974
1501105943
1501105942
1501105913
1501105903
1501105888
1501105886
1501105885
1501105867
1501105850
1501105846
1501105839
1501105814
1501105799
1501105621
1501105601
1501105593
1501105574
1501105567
1501105565
1501105546
1501105525
1501105504
1501105496
1501105435
1501105434
1501105432
1501106255
1501106197
1501106287
1501106171
1501106153
1501106141
1501106127
1501106097
1501106093
1501110549
1501110239
1501105431
1501105787
1501106039
1501105400
1501105775
1501105398
1501105989
1501105717
1501105692
1501105644
1501105380
1501105358
1501105339
1501105293
1501104279
1501105622
1501105276
1501105313
1501105274
1501106286
1501104192
1501104202
1501104254
1501105070
1501110394
1501104167
1501104793
1501103978
1501104771
1501105742
1501104742
1501104097
1501104081
1501104739
1501104715
1501104007
1501104170
1501104685
1501104677
1501105046
1501104598
1501110275
1501110386
1501105632
1501104580
1501104203
1501104594
1501105036
1501110168
1501110161
1501105011
1501105006
1501110160
1501110125
1501104999
1501104969
1501110081
1501110058
1501110012
1501109979
1501109950
1501109884
1501104960
1501104595
1501120353
1501104947
1501104891
1501104887
1501104882
1501104874
1501109768
1501104864
1501104860
1501109762
1501109757
1501104820
1501104805
1501109744
1501104958
1501109714
1501120460
1501104561
1501120457
1501104547
1501109817
1501104541
1501106985
1501110998
1501110971
1501104537
1501109633
1501110952
1501109698
1501104521
1501109665
1501110927
1501104804
1501120452
1501104249
1501120409
1501108471
1501104255
1501110925
1501104257
1501105192
1501105221
1501104487
1501110918
1501104478
1501104518
1501110906
1501104463
1501107717
1501110871
1501104441
1501110869
1501109643
1501105191
1501105185
1501105157
1501105125
1501107686
1501108453
1501108442
1501104422
1501108432
1501103981
1501108338
1501108337
1501105123
1501108315
1501105106
1501108288
1501105090
1501108261
1501105075
1501108260
1501105074
1501108215
1501109631
1501108214
1501109609
1501108196
1501109603
1501107624
1501107597
1501107591
1501110856
1501110842
1501107581
1501110814
1501107546
1501110792
1501107491
1501107460
1501110788
1501110782
1501107445
1501110771
1501107429
1501110750
1501110747
1501107399
1501107381
1501109596
1501109588
1501109556
1501109536
1501107356
1501107350
1501107278
1501107265
1501109521
1501109500
1501109446
1501109430
1501107225
1501109427
1501107212
1501107209
1501107145
1501110729
1501110718
1501108176
1501108172
1501110715
1501110704
1501108166
1501108135
1501110653
1501108122
1501104803
1501108095
1501104795
1501110648
1501108082
1501104794
1501108077
1501109409
1501110643
1501107136
1501109399
1501107135
1501103960
1501110633
1501103791
1501110632
1501108039
1501110631
1501107972
1501107963
1501107909
1501110585
1501107134
1501110575
1501107127
1501110574
1501109369
1501109340
1501109318
1501107885
1501109311
1501107118
1501109294
1501109289
1501107088
1501107087
1501107067
1501107133
1501107862
1501110563
1501107061
1501103831
1501107834
1501107809
1501109266
1501109253
1501109235
1501109203
1501107800
1501107798
1501110543
1501107049
1501107044
1501110541
1501110515
1501110512
1501107777
1501107765
1501107032
1501107023
1501109167
1501109163
1501109151
1501107760
1501109112
1501110509
1501107002
1501110497
1501106994
1501110496
1501107755
1501110495
1501107746
1501110490
1501109098
1501109094
1501108719
1501110486
1501109022
1501109047
1501110481
1501110455
1501108708
1501110430
1501108959
1501108855
1501108675
1501108869
1501108819
1501108935
1501108793
1501108934
1501108660
1501110422
1501110397
1501110396
1501108648
1501108921
1501108639
1501108754
1501103829
1501108874
1501103828
1501103790
1501103759
1501108743
1501103745
1501103780
1501103750
1501108611
1501108513
1501108506
1501108535
1501108563
1501103711
1501103735
1501108543
1501108523
1501103663
1501103685
1501103587
1501103576
1501103527
1501103516
1501103570
1501103509
1501103581
1501103618
1501103446
1501103417
1501103460
1501104131
1501104094
1501103416
1501103407
1501110254
1501103453
1501104129
1501104112
1501110248
1501103362
1501104091
1501104397
1501104380
1501104104
1501110262
1501104377
1501104345
1501110361
1501104338
1501104319
1501110258
1501104318
1501110342
1501103896
1501110335
1501110297
1501104311
1501103862
1501104281
1501104138
1501104673
1501104687
1501104609
1501104606
1501104601
1501104670
1501104420
1501118146
1501118178
1501118189
1501118202
1501118204
1501118139
1501120348
1501119269
1501118208
1501118210
1501119273
1501118183
1501118242
1501118256
1501119839
1501119290
1501119299
1501119300
1501118263
1501118265
1501118311
1501118315
1501119337
1501119360
1501119363
1501119372
1501118325
1501119376
1501118352
1501118356
1501118388
1501118402
1501119382
1501119395
1501119397
1501119289
1501119403
1501118437
1501119853
1501119431
1501118454
1501118467
1501118484
1501119876
1501119480
1501118485
1501119878
1501119486
1501118534
1501119892
1501118576
1501119893
1501118597
1501118513
1501119529
1501119595
1501119901
1501118615
1501119903
1501118618
1501119596
1501119904
1501118644
1501119908
1501118654
1501119617
1501119933
1501119622
1501119624
1501119668
1501118679
1501119683
1501119968
1501118705
1501119977
1501118753
1501119981
1501118801
1501120020
1501119762
1501120035
1501119765
1501119793
1501118810
1501119796
1501118817
1501120052
1501118824
1501120056
1501118833
1501119805
1501119806
1501118846
1501118874
1501118875
1501118883
1501118106
1501118893
1501116084
1501118918
1501116110
1501118921
1501116111
1501116113
1501118928
1501118936
1501118170
1501116120
1501120089
1501119105
1501120073
1501120104
1501116142
1501119135
1501116147
1501120115
1501120155
1501119082
1501119154
1501116145
1501118974
1501119165
1501116148
1501120158
1501118983
1501120188
1501118984
1501119201
1501119224
1501120268
1501120298
1501119002
1501119006
1501119255
1501119007
1501119256
1501120299
1501119018
1501120323
1501116153
1501118943
1501116165
1501120094
1501116170
1501117273
1501117280
1501117267
1501117295
1501119010
1501116235
1501116243
1501117735
1501116252
1501117322
1501119128
1501117338
1501117563
1501117570
1501117397
1501116282
1501116312
1501116316
1501117575
1501116318
1501117433
1501117591
1501117466
1501117595
1501117472
1501117602
1501117479
1501117610
1501116328
1501116334
1501116338
1501116347
1501117485
1501117629
1501117635
1501117486
1501117500
1501117661
1501117514
1501117669
1501116355
1501116393
1501116416
1501116420
1501117530
1501117686
1501117546
1501117721
1501117913
1501116436
1501117822
1501116452
1501117823
1501117812
1501116465
1501117827
1501117740
1501116485
1501117840
1501117749
1501116505
1501117769
1501116510
1501117788
1501116515
1501117791
1501116517
1501103307
1501116565
1501116575
1501102612
1501116583
1501102661
1501116597
1501102683
1501102685
1501116608
1501116609
1501116637
1501116672
1501117306
1501117914
1501116676
1501116688
1501116693
1501117947
1501116709
1501117976
1501116710
1501118002
1501118003
1501116736
1501116773
1501117864
1501117904
1501118006
1501116881
1501118013
1501116898
1501118022
1501118076
1501118058
1501118094
1501116906
1501116954
1501118073
1501116976
1501117003
1501103010
1501102864
1501102844
1501102706
1501102714
1501117005
1501102732
1501117009
1501102868
1501102873
1501103016
1501102908
1501102912
1501103039
1501103045
1501102944
1501103052
1501102995
1501103065
1501103005
1501103079
1501117035
1501103088
1501117039
1501103110
1501117097
1501103132
1501117167
1501103142
1501117171
1501103161
1501117190
1501103169
1501103170
1501117206
1501117207
1501103197
1501117240
1501103187
1501117260
1501103007
1501103238
1501103252
1501103258
1501103257
1501102780
1501102764
1501102758
1501106948
1501102791
1501106708
1501102788
1501106295
1501106318
1501106549
1501106725
1501106548
1501106754
1501106565
1501106322
1501106571
1501106764
1501106388
1501106765
1501106601
1501106767
1501106396
1501106604
1501106768
1501106400
1501106769
1501106778
1501106788
1501106409
1501106414
1501106423
1501106792
1501106448
1501106802
1501106825
1501106829
1501106470
1501106514
1501106855
1501102774
1501106869
1501106630
1501106889
1501106669
1501106639
1501106627
1501102691
1501106680
1501106931
1501106921
1501103279
1501106924
1501106913
1501106933
1501106907
1501117018
1501106945
1501116063
1501116052
1501116035
1501116027
1501115974
1501115961
1501115959
1501115929
1501115919
1501115889
1501115877
1501115875
1501115863
1501115810
1501115755
1501115754
1501115750
1501115737
1501115668
1501115634
1501115257
1501115238
1501115230
1501115227
1501115223
1501115214
1501115174
1501115171
1501115153
1501115130
1501115056
1501115053
1501115045
1501115030
1501115006
1501114999
1501114998
1501114939
1501114227
1501115165
1501115402
1501115419
1501115263
1501115311
1501115331
1501115429
1501115361
1501115430
1501115433
1501115438
1501114240
1501115514
1501115369
1501115570
1501115594
1501115522
1501115564
1501112229
1501115597
1501112314
1501115605
1501112333
1501115611
1501112365
1501112813
1501112386
1501115643
1501112413
1501112835
1501111030
1501111115
1501112429
1501111163
1501112433
1501112443
1501112469
1501111281
1501112504
1501111431
1501112511
1501111579
1501112571
1501111667
1501111723
1501111777
1501112578
1501111896
1501112636
1501112043
1501112703
1501112071
1501112709
1501112166
1501112187
1501112850
1501112730
1501112731
1501112740
1501112853
1501112769
1501112872
1501112918
1501112974
1501114287
1501114299
1501114301
1501113452
1501114739
1501114337
1501113084
1501113481
1501113134
1501114782
1501113191
1501114783
1501113249
1501114793
1501113282
1501114804
1501113288
1501114820
1501113341
1501114829
1501113363
1501114896
1501113387
1501114916
1501113813
1501113861
1501113895
1501113433
1501135538
1501135524
1501113896
1501113917
1501114935
1501113926
1501113927
1501114098
1501114103
1501113933
1501114116
1501113941
1501114131
1501113950
1501113955
1501113994
1501114039
1501114058
1501114092
1501115368
1501112998
1501114688
1501114692
1501114239
1501113470
1501114379
1501114404
1501113494
1501114431
1501114481
1501114160
1501114633
1501113564
1501113120
1501114168
1501114184
1501113483
1501111515
1501114215
1501113579
1501114356
1501113587
1501114651
1501113632
1501113164
1501113662
1501111355
1501112791
1501113690
1501113968
1501113706
1501114035
1501114054
1501112342
1501114077
1501114159
1501113723
1501113724
1501114315
1501114781
1501114393
1501114428
1501113730
1501113735
1501114451
1501113763
1501113792
1501111468
1501112523
1501113811
1501124902
1501126980
1501125801
1501125818
1501125787
1501125775
1501125771
1501126968
1501126960
1501114580
1501113516
1501126945
1501126934
1501126931
1501126888
1501125637
1501125759
1501126886
1501126847
1501125751
1501125748
1501125746
1501126842
1501126840
1501125734
1501126834
1501125732
1501126817
1501125698
1501125693
1501126802
1501126773
1501125690
1501125684
1501126751
1501126734
1501125676
1501125660
1501126730
1501126722
1501125653
1501125649
1501126713
1501126699
1501125393
1501125386
1501126910
1501114278
1501125381
1501125375
1501125766
1501125356
1501126264
1501125342
1501126642
1501125327
1501126635
1501125323
1501126623
1501126610
1501126599
1501125302
1501126552
1501125287
1501126522
1501125285
1501125255
1501126486
1501126456
1501125228
1501125213
1501126446
1501126404
1501125192
1501125142
1501126394
1501126387
1501125127
1501126376
1501126372
1501125605
1501125600
1501126353
1501126342
1501125585
1501126340
1501126330
1501126646
1501126260
1501126236
1501126234
1501126289
1501125623
1501125553
1501126036
1501125112
1501126147
1501125076
1501126146
1501125068
1501126137
1501126136
1501126120
1501126058
1501126048
1501125458
1501125488
1501125465
1501126182
1501125540
1501125459
1501125407
1501125420
1501124946
1501125050
1501125438
1501124976
1501124958
1501125053
1501124955
1501124945
1501124906
1501124923
1501126029
1501125822
1501125396
1501125885
1501125941
1501125982
1501125867
1501126022
1501125860
1501124871
1501123098
1501123072
1501123413
1501123400
1501124256
1501124264
1501123111
1501123467
1501124308
1501123475
1501124417
1501123141
1501124447
1501123181
1501124449
1501123531
1501123196
1501123544
1501123233
1501123577
1501123589
1501123235
1501124454
1501124458
1501123242
1501124471
1501123294
1501124473
1501123609
1501123611
1501123303
1501123309
1501123626
1501123659
1501124481
1501124491
1501124492
1501123314
1501123344
1501124508
1501123663
1501123668
1501124513
1501123382
1501123386
1501123698
1501124571
1501123700
1501124050
1501124690
1501124122
1501122703
1501123825
1501122680
1501122744
1501122788
1501123858
1501122821
1501122838
1501124185
1501123879
1501123886
1501122874
1501123899
1501124217
1501122876
1501124251
1501122890
1501122891
1501122696
1501123045
1501124579
1501122353
1501124580
1501122913
1501122919
1501122926
1501122366
1501122937
1501122938
1501124610
1501124692
1501122374
1501124619
1501124696
1501122377
1501122966
1501122988
1501122990
1501124621
1501124149
1501122717
1501123011
1501123021
1501122388
1501122460
1501124732
1501124631
1501124091
1501122752
1501123833
1501122484
1501124632
1501122497
1501124640
1501124739
1501122522
1501124734
1501124647
1501124813
1501124794
1501122553
1501124650
1501124814
1501122586
1501124815
1501122587
1501123915
1501124822
1501122595
1501123704
1501124833
1501122630
1501123727
1501124121
1501123733
1501122662
1501122634
1501123772
1501124018
1501123945
1501122671
1501123797
1501124035
1501111463
1501111469
1501111518
1501112309
1501111593
1501111595
1501111483
1501111562
1501111691
1501111494
1501111517
1501111455
1501112055
1501111588
1501111825
1501112177
1501111840
1501112072
1501111743
1501111754
1501111706
1501111905
1501111788
1501111772
1501112111
1501112131
1501111901
1501112049
1501112051
1501112004
1501112175
1501112190
1501112086
1501111817
1501112174
1501112247
1501112226
1501111412
1501111100
1501111204
1501111202
1501111222
1501111245
1501111300
1501111310
1501111347
1501112198
1501111357
1501112287
1501111381
1501111395
1501111126
1501111018
1501111158
1501111162
1501111161
1501111066
1501111045
1501111761
1501112293
1501111031
1501135512
1501135297
1501135255
1501135254
1501135251
1501135219
1501135212
1501135204
1501135180
1501135178
1501134933
1501134930
1501134896
1501134836
1501134603
1501134600
1501134571
1501134564
1501134473
1501134434
1501134431
1501134425
1501134408
1501134381
1501133163
1501133125
1501133120
1501133092
1501133090
1501132931
1501135391
1501135434
1501135379
1501135346
1501135422
1501135315
1501133089
1501134833
1501134831
1501134795
1501134789
1501133087
1501133082
1501133032
1501133018
1501134775
1501134763
1501134741
1501133204
1501134729
1501133243
1501132985
1501133282
1501132964
1501133552
1501133553
1501133334
1501133555
1501133347
1501135159
1501135151
1501133587
1501133593
1501135131
1501135100
1501133364
1501133379
1501133399
1501133403
1501135091
1501135075
1501133404
1501135025
1501135010
1501133423
1501133430
1501134712
1501133613
1501135009
1501134966
1501134680
1501133626
1501133714
1501134661
1501134935
1501133627
1501133745
1501133757
1501134649
1501133660
1501134637
1501133692
1501133762
1501133696
1501133798
1501133708
1501133804
1501133812
1501133710
1501133712
1501133822
1501133457
1501133835
1501134624
1501133871
1501133901
1501134364
1501134370
1501133483
1501133506
1501133612
1501133515
1501134053
1501133903
1501133907
1501134106
1501133518
1501133915
1501134148
1501133947
1501133522
1501134174
1501133261
1501134179
1501134184
1501134257
1501134337
1501134331
1501134264
1501133968
1501134329
1501134297
1501133455
1501134034
1501134842
1501133012
1501134593
1501135493
1501133965
1501132905
1501134035
1501134901
1501134152
1501132838
1501132872
1501131937
1501132828
1501132809
1501132901
1501132795
1501132796
1501132895
1501132902
1501132757
1501134016
1501132762
1501134717
1501132297
1501132711
1501132832
1501132695
1501132852
1501132303
1501132658
1501132277
1501132709
1501132197
1501132528
1501132585
1501132512
1501133131
1501132684
1501132447
1501132439
1501132188
1501132433
1501132417
1501132285
1501132216
1501132274
1501132603
1501132521
1501132356
1501132332
1501132307
1501132248
1501132155
1501132144
1501132085
1501132204
1501132416
1501132061
1501132309
1501132024
1501132352
1501131997
1501132715
1501132029
1501132548
1501131984
1501132004
1501132222
1501131991
1501132070
1501131983