1499444984
1499444986
1499444996
1499444997
1499445013
1499445018
1499445020
1499445036
1499445038
1499445039
1499445041
1499445042
1499445056
1499445062
1499445070
1499445072
1499445083
1499445094
1499445111
1499445117
1499445127
1499445131
1499445132
1499445133
1499445134
1499445135
1499445145
1499445147
1499445159
1499445166
1499445171
1499445180
1499445203
1499445223
1499445227
1499445228
1499445237
1499445271
1499445276
1499445285
1499445296
1499445304
1499445313
1499445329
1499445331
1499445334
1499445338
1499445339
1499445343
1499445362
1499445377
1499445384
1499445394
1499445408
1499445409
1499445412
1499445433
1499445437
1499445473
1499445483
1499445484
1499445485
1499445486
1499445487
1499445506
1499445508
1499445521
1499445528
1499445546
1499445551
1499445558
1499445561
1499445566
1499445579
1499445580
1499445599
1499445613
1499445646
1499445649
1499445652
1499445662
1499445673
1499445681
1499445698
1499445702
1499445707
1499445713
1499445726
1499445733
1499445741
1499445746
1499445758
1499445765
1499445766
1499445774
1499445787
1499445789
1499445799
1499445810
1499445811
1499445843
1499445851
1499445855
1499445856
1499445858
1499445859
1499445874
1499445875
1499445884
1499445890
1499445896
1499445904
1499445905
1499445922
1499445926
1499445931
1499445937
1499445961
1499445962
1499445964
1499445972
1499445978
1499445981
1499445985
1499445995
1499446002
1499446003
1499446005
1499446010
1499446025
1499446026
1499446028
1499446032
1499446033
1499446056
1499446059
1499446063
1499446067
1499446068
1499446086
1499446087
1499446091
1499446095
1499446099
1499446101
1499446102
1499446119
1499446129
1499446130
1499446172
1499446194
1499446199
1499446212
1499446221
1499446223
1499446233
1499446240
1499446256
1499446273
1499446284
1499446286
1499446291
1499446292
1499446297
1499446320
1499446329
1499446333
1499446336
1499446344
1499446352
1499446361
1499446370
1499446372
1499446373
1499446387
1499446388
1499446405
1499446406
1499446407
1499446410
1499446411
1499446413
1499446417
1499446426
1499446427
1499446431
1499446434
1499446435
1499446438
1499446451
1499446454
1499446457
1499446458
1499446464
1499446474
1499446482
1499446490
1499446499
1499446502
1499446503
1499446513
1499446518
1499446520
1499446526
1499446532
1499446603
1499446622
1499446623
1499446630
1499446638
1499446656
1499446659
1499446663
1499446671
1499446678
1499446685
1499446691
1499446695
1499446701
1499446707
1499446708
1499446717
1499446723
1499446728
1499446736
1499446747
1499446748
1499446759
1499446772
1499446781
1499446783
1499446786
1499446792
1499446801
1499446803
1499446807
1499446808
1499446813
1499446818
1499446819
1499446822
1499446823
1499446829
1499446831
1499446836
1499446840
1499446843
1499446844
1499446847
1499446858
1499446863
1499446864
1499446874
1499446887
1499446891
1499446898
1499446904
1499446905
1499446925
1499446950
1499446954
1499446955
1499446966
1499446969
1499446970
1499446975
1499446984
1499446985
1499446995
1499447000
1499447001
1499447011
1499447012
1499447015
1499447026
1499447027
1499447044
1499447052
1499447065
1499447075
1499447085
1499447086
1499447092
1499447093
1499447099
1499447108
1499447110
1499447123
1499447133
1499447140
1499447141
1499447144
1499447149
1499447157
1499447166
1499447187
1499447197
1499447198
1499447226
1499447227
1499447240
1499447258
1499447281
1499447282
1499447291
1499447297
1499447303
1499447317
1499447320
1499447329
1499447330
1499447331
1499447336
1499447347
1499447373
1499447405
1499447407
1499447416
1499447432
1499447447
1499447450
1499447456
1499447457
1499447461
1499447462
1499447464
1499447470
1499447474
1499447492
1499447502
1499447511
1499447514
1499447518
1499447537
1499447539
1499447541
1499447544
1499447554
1499447577
1499447578
1499447598
1499447602
1499447604
1499447605
1499447608
1499447610
1499447621
1499447622
1499447640
1499447643
1499447648
1499447686
1499447688
1499447698
1499447705
1499447706
1499447722
1499447752
1499447758
1499447760
1499447764
1499447767
1499447768
1499447789
1499447794
1499447802
1499447822
1499447828
1499447837
1499447846
1499447851
1499447853
1499447855
1499447857
1499447862
1499447869
1499447880
1499447920
1499447934
1499447940
1499447969
1499447972
1499448027
1499448028
1499448033
1499448034
1499448037
1499448045
1499448070
1499448075
1499448076
1499448088
1499448092
1499448093
1499448104
1499448105
1499448106
1499448129
1499448139
1499448140
1499448145
1499448150
1499448153
1499448157
1499448164
1499448176
1499448182
1499448199
1499448210
1499448213
1499448220
1499448222
1499448223
1499448245
1499448246
1499448247
1499448284
1499448287
1499448305
1499448319
1499448323
1499448329
1499448332
1499448347
1499448364
1499448367
1499448369
1499448372
1499448379
1499448388
1499448406
1499448412
1499448430
1499448445
1499448447
1499448449
1499448453
1499448462
1499448463
1499448464
1499448473
1499448486
1499448505
1499448520
1499448523
1499448527
1499448538
1499448539
1499448546
1499448556
1499448557
1499448558
1499448560
1499448599
1499448627
1499448650
1499448652
1499448658
1499448662
1499448663
1499448668
1499448691
1499448700
1499448702
1499448730
1499448745
1499448767
1499448806
1499448811
1499448835
1499448845
1499448855
1499448861
1499448864
1499448878
1499448891
1499448903
1499448904
1499448906
1499448907
1499448909
1499448918
1499448933
1499448934
1499448945
1499448958
1499448965
1499448974
1499448976
1499448980
1499448992
1499449001
1499449011
1499449022
1499449033
1499449041
1499449051
1499449060
1499449061
1499449071
1499449076
1499449077
1499449114
1499449116
1499449127
1499449132
1499449135
1499449142
1499449164
1499449174
1499449177
1499449187
1499449203
1499449216
1499449217
1499449237
1499449238
1499449245
1499449254
1499449261
1499449262
1499449290
1499449298
1499449299
1499449306
1499449317
1499449318
1499449335
1499449342
1499449346
1499449358
1499449368
1499449378
1499449389
1499449393
1499449396
1499449398
1499449423
1499449428
1499449445
1499449467
1499449468
1499449483
1499449498
1499449513
1499449516
1499449517
1499449530
1499449533
1499449543
1499449721
1499449750
1499449753
1499449759
1499449760
1499449761
1499449772
1499449786
1499449791
1499449794
1499449801
1499449802
1499449828
1499449841
1499449847
1499449866
1499449868
1499449871
1499449880
1499449881
1499449885
1499449893
1499449906
1499449911
1499449929
1499449962
1499449967
1499449972
1499449974
1499449990
1499450004
1499450013
1499450035
1499450037
1499450046
1499450068
1499450072
1499450074
1499450082
1499450085
1499450088
1499450090
1499450093
1499450106
1499450124
1499450157
1499450168
1499450172
1499450189
1499450207
1499450238
1499450259
1499450278
1499450288
1499450290
1499450295
1499450300
1499450302
1499450307
1499450320
1499450322
1499450331
1499450384
1499450421
1499450423
1499450431
1499450437
1499450441
1499450442
1499450459
1499450462
1499450470
1499450471
1499450480
1499450486
1499450488
1499450491
1499450492
1499450500
1499450503
1499450507
1499450508
1499450962
1499451462
1499451473
1499451478
1499451484
1499451498
1499451513
1499451556
1499451582
1499451584
1499451588
1499451589
1499451598
1499451609
1499451612
1499451627
1499451630
1499451634
1499451641
1499448575
1499451459
1499451453
1499449718
1499449711
1499450958
1499450948
1499451452
1499449705
1499451443
1499449696
1499450918
1499450908
1499451544
1499451423
1499450906
1499451393
1499450904
1499451541
1499451526
1499449691
1499449670
1499449669
1499451385
1499450898
1499449666
1499451376
1499450882
1499449665
1499451525
1499451524
1499451370
1499450858
1499451523
1499451348
1499450843
1499450839
1499451522
1499449662
1499450478
1499449639
1499451336
1499449631
1499451332
1499449595
1499449592
1499450834
1499451326
1499450822
1499451313
1499451312
1499450817
1499450809
1499448916
1499449573
1499449567
1499449558
1499452611
1499449934
1499450788
1499452599
1499450786
1499452574
1499452020
1499450783
1499450762
1499450759
1499452567
1499452523
1499450756
1499452506
1499450743
1499452500
1499450740
1499450719
1499450692
1499450316
1499449920
1499450687
1499450324
1499452495
1499452834
1499452484
1499450678
1499450671
1499452831
1499452466
1499452827
1499452458
1499450666
1499450659
1499452822
1499452453
1499452452
1499450658
1499450650
1499452809
1499452442
1499452436
1499452804
1499452796
1499452420
1499451304
1499452407
1499452754
1499451296
1499452398
1499451286
1499452395
1499452393
1499452392
1499452749
1499452740
1499452738
1499451269
1499451265
1499452389
1499452382
1499451261
1499451249
1499452379
1499452372
1499452737
1499452725
1499452724
1499451245
1499450630
1499451243
1499452366
1499452359
1499450626
1499451214
1499452358
1499452313
1499452718
1499452712
1499451199
1499451193
1499451185
1499452303
1499451174
1499452293
1499452709
1499451172
1499451171
1499452285
1499450621
1499452268
1499451203
1499450620
1499451164
1499451154
1499452257
1499451152
1499450596
1499451146
1499450587
1499452251
1499450527
1499450510
1499449289
1499451128
1499452237
1499452691
1499452236
1499451106
1499452685
1499449122
1499451086
1499452680
1499452677
1499452230
1499450146
1499452208
1499446987
1499451084
1499450163
1499452207
1499451068
1499450407
1499452672
1499452197
1499452670
1499452195
1499451062
1499451048
1499452668
1499452658
1499452173
1499452158
1499452647
1499452152
1499452642
1499452141
1499452138
1499452638
1499452634
1499452630
1499452126
1499452111
1499452626
1499452019
1499448926
1499452003
1499452086
1499451985
1499452081
1499451973
1499451943
1499452073
1499452062
1499451928
1499452058
1499451926
1499452051
1499451924
1499451919
1499452047
1499452042
1499451911
1499451897
1499452033
1499453784
1499451885
1499451874
1499453779
1499451872
1499453212
1499453775
1499451021
1499451871
1499451013
1499451867
1499451001
1499451821
1499450998
1499451804
1499451802
1499450995
1499453203
1499451798
1499450985
1499451786
1499450972
1499451751
1499451599
1499453202
1499451738
1499453190
1499453178
1499451735
1499451729
1499453177
1499453135
1499451727
1499451719
1499453132
1499453118
1499451712
1499451696
1499453110
1499451675
1499453098
1499451672
1499453071
1499454763
1499453042
1499453039
1499454723
1499454718
1499453752
1499451650
1499454705
1499453023
1499453722
1499453012
1499451647
1499447595
1499454700
1499452983
1499454695
1499454317
1499454694
1499452976
1499452974
1499452973
1499452946
1499454685
1499452928
1499452926
1499454681
1499454665
1499454657
1499449752
1499449820
1499450310
1499452922
1499452919
1499454655
1499452916
1499454650
1499454644
1499454642
1499454640
1499452911
1499452907
1499454627
1499452900
1499452890
1499452888
1499454621
1499454620
1499454618
1499454608
1499452883
1499452854
1499452853
1499452838
1499454602
1499454599
1499452836
1499449589
1499448601
1499454573
1499454562
1499452788
1499455074
1499455073
1499455068
1499454557
1499454550
1499455062
1499455053
1499454549
1499451503
1499454544
1499455045
1499455035
1499455029
1499451497
1499454524
1499455023
1499454518
1499455022
1499455001
1499454516
1499455000
1499454511
1499454977
1499454976
1499454972
1499451482
1499454301
1499451477
1499454971
1499453707
1499453705
1499453684
1499454970
1499454930
1499454925
1499453672
1499454921
1499453664
1499453657
1499453637
1499454918
1499454884
1499454502
1499454883
1499454874
1499454500
1499454487
1499454851
1499454829
1499454486
1499454483
1499454820
1499454816
1499454456
1499454431
1499454797
1499454796
1499454795
1499454785
1499454799
1499454779
1499454777
1499453632
1499453626
1499454775
1499454724
1499453623
1499453598
1499454295
1499454286
1499454285
1499453586
1499453577
1499454284
1499454278
1499454277
1499453567
1499453562
1499453561
1499451548
1499454276
1499449735
1499454255
1499451561
1499454405
1499454252
1499454234
1499454401
1499454385
1499454218
1499454215
1499454364
1499454214
1499454362
1499454198
1499454360
1499454353
1499454190
1499454179
1499454350
1499454171
1499454347
1499454161
1499454333
1499453538
1499453534
1499453526
1499454155
1499454136
1499454135
1499454124
1499453519
1499453486
1499453466
1499453440
1499453439
1499451467
1499454114
1499454111
1499454110
1499454102
1499454087
1499453437
1499453424
1499453418
1499453404
1499454081
1499454071
1499454066
1499454040
1499453401
1499453373
1499453366
1499453359
1499451309
1499452408
1499448346
1499453357
1499453348
1499453341
1499453337
1499454036
1499453336
1499454328
1499453325
1499453302
1499453301
1499454323
1499454025
1499454319
1499455405
1499453299
1499454007
1499453298
1499453997
1499455397
1499455383
1499455382
1499455378
1499454034
1499453964
1499453542
1499453958
1499455347
1499453261
1499453942
1499455346
1499453229
1499453223
1499453222
1499453277
1499453213
1499456741
1499455366
1499455345
1499455334
1499455305
1499453921
1499455304
1499455303
1499456734
1499455302
1499455266
1499456729
1499455255
1499455243
1499455230
1499455226
1499455225
1499455224
1499453916
1499455220
1499456728
1499455218
1499453902
1499456723
1499455213
1499455188
1499456720
1499455167
1499456712
1499453872
1499453871
1499453857
1499453854
1499453841
1499451136
1499453840
1499453832
1499453825
1499456692
1499456677
1499456674
1499453816
1499456656
1499453802
1499456643
1499453791
1499456639
1499456625
1499453786
1499458169
1499456618
1499456613
1499458154
1499458125
1499456612
1499456594
1499450648
1499456556
1499456343
1499459545
1499456337
1499456333
1499456330
1499456555
1499456549
1499456328
1499456325
1499456548
1499456322
1499456311
1499456310
1499456301
1499456290
1499456229
1499456224
1499456213
1499456203
1499456172
1499456167
1499458114
1499458113
1499458101
1499456159
1499456156
1499458091
1499456148
1499456137
1499458088
1499458087
1499458081
1499458070
1499456124
1499458067
1499456088
1499456074
1499456049
1499458063
1499455159
1499455133
1499455121
1499455120
1499458035
1499458028
1499456529
1499456526
1499456516
1499456458
1499456435
1499456418
1499457988
1499456398
1499457983
1499457969
1499456025
1499456381
1499456008
1499456006
1499457955
1499456005
1499456004
1499457949
1499456374
1499456373
1499455993
1499455991
1499457918
1499457893
1499455989
1499457892
1499455978
1499463616
1499463615
1499458022
1499456415
1499463593
1499463573
1499456520
1499463559
1499460059
1499456370
1499459072
1499461201
1499460055
1499464109
1499459056
1499460049
1499459054
1499460048
1499463540
1499459023
1499451038
1499463538
1499463531
1499454727
1499450375
1499457533
1499463516
1499457521
1499463511
1499463508
1499463501
1499457512
1499457484
1499457476
1499457462
1499463499
1499457459
1499457448
1499457991
1499463458
1499457435
1499457423
1499457706
1499455529
1499457419
1499457416
1499463449
1499457400
1499457397
1499463435
1499457378
1499457376
1499455528
1499457697
1499457371
1499457370
1499457367
1499463410
1499457690
1499463409
1499463405
1499457356
1499463402
1499457347
1499461194
1499460926
1499455523
1499457328
1499457689
1499457304
1499457301
1499463396
1499457300
1499457298
1499457403
1499463433
1499457278
1499463367
1499457277
1499457274
1499463363
1499457273
1499457262
1499463355
1499457261
1499463307
1499460042
1499459020
1499455508
1499457239
1499460034
1499459003
1499460019
1499458984
1499457686
1499455480
1499457236
1499457667
1499457232
1499460015
1499457229
1499458979
1499459987
1499458977
1499455473
1499459970
1499458956
1499459966
1499458953
1499457297
1499457654
1499457199
1499455445
1499457196
1499457182
1499457647
1499463285
1499457181
1499455441
1499457178
1499463270
1499457173
1499457641
1499457164
1499457156
1499457155
1499457150
1499455435
1499457149
1499457630
1499457147
1499455423
1499457146
1499457144
1499457623
1499457141
1499457136
1499457135
1499455415
1499457093
1499457613
1499455408
1499457084
1499457077
1499463263
1499463257
1499457603
1499457599
1499463245
1499459952
1499463227
1499458949
1499459933
1499458933
1499457593
1499457586
1499459920
1499459509
1499460967
1499457567
1499458926
1499463220
1499459899
1499458922
1499463219
1499463216
1499463214
1499463212
1499463211
1499459892
1499458895
1499459867
1499459494
1499458889
1499457562
1499459484
1499463190
1499457074
1499463178
1499457059
1499463172
1499463166
1499455108
1499455103
1499457052
1499457560
1499457042
1499459473
1499457534
1499459456
1499454999
1499463226
1499455075
1499458888
1499459855
1499459445
1499459432
1499458877
1499457029
1499459851
1499459431
1499459426
1499458873
1499459819
1499458849
1499459817
1499458847
1499459423
1499459416
1499459813
1499458832
1499459795
1499459399
1499459361
1499458831
1499459338
1499459336
1499459788
1499459773
1499454506
1499459772
1499461672
1499459762
1499459748
1499459323
1499459311
1499461661
1499457017
1499457002
1499459288
1499456993
1499459260
1499459731
1499456992
1499461643
1499456988
1499459255
1499457040
1499459235
1499456967
1499455960
1499459223
1499456915
1499459712
1499459218
1499461641
1499453718
1499459206
1499459710
1499456914
1499461631
1499456892
1499460923
1499459683
1499456889
1499456873
1499461627
1499459681
1499461606
1499456851
1499456849
1499456827
1499459668
1499461601
1499459663
1499461589
1499459662
1499460249
1499459157
1499461581
1499460903
1499460239
1499459661
1499461579
1499461557
1499459640
1499461553
1499459636
1499460215
1499460965
1499459149
1499461550
1499460205
1499459630
1499461544
1499456796
1499460950
1499461542
1499461184
1499459625
1499461524
1499460893
1499459620
1499455935
1499461178
1499455934
1499461513
1499459610
1499461510
1499459608
1499461499
1499455914
1499459602
1499455895
1499460892
1499459584
1499461498
1499461494
1499461156
1499459562
1499460878
1499461487
1499461485
1499459144
1499455852
1499455850
1499455832
1499455823
1499455815
1499455813
1499455799
1499461721
1499459129
1499455798
1499460168
1499459126
1499460166
1499455796
1499455784
1499455783
1499455739
1499455726
1499455718
1499455716
1499459535
1499455695
1499457871
1499455683
1499457868
1499455682
1499457861
1499455677
1499457858
1499455665
1499461469
1499461459
1499461457
1499461439
1499461424
1499461381
1499461371
1499461370
1499461346
1499461330
1499461328
1499461304
1499461301
1499459552
1499461287
1499461279
1499459547
1499461278
1499461259
1499461233
1499460183
1499461126
1499455664
1499460143
1499460860
1499459107
1499455646
1499461109
1499460132
1499460859
1499457840
1499461093
1499455619
1499457830
1499459106
1499460072
1499460816
1499459101
1499461092
1499460070
1499455610
1499460811
1499459100
1499459095
1499457801
1499455604
1499461186
1499455601
1499457778
1499455600
1499460810
1499461034
1499460779
1499457777
1499455596
1499461022
1499455571
1499460778
1499461013
1499457761
1499460768
1499455561
1499457754
1499460767
1499460763
1499460760
1499460750
1499460066
1499459075
1499462460
1499463633
1499460747
1499462458
1499460738
1499460978
1499461221
1499461719
1499460940
1499461210
1499460934
1499460735
1499462445
1499460734
1499461206
1499460932
1499461205
1499460931
1499461710
1499463656
1499461704
1499461703
1499454427
1499462421
1499456701
1499453985
1499453221
1499453874
1499463663
1499462387
1499460682
1499463676
1499462402
1499463702
1499462373
1499460681
1499462370
1499460680
1499462348
1499460668
1499463706
1499462329
1499460667
1499463711
1499463714
1499463124
1499463717
1499462312
1499463723
1499460665
1499462277
1499460610
1499462271
1499460602
1499463726
1499462257
1499463750
1499463754
1499458171
1499456782
1499463766
1499453929
1499463017
1499463789
1499462995
1499453828
1499463790
1499462992
1499456682
1499462949
1499462941
1499462934
1499462922
1499462920
1499463796
1499462917
1499462912
1499463799
1499463803
1499462907
1499462896
1499462895
1499463822
1499462881
1499463824
1499462880
1499460582
1499463860
1499462875
1499462874
1499463862
1499462864
1499463878
1499462846
1499463885
1499463892
1499463903
1499463907
1499463908
1499463915
1499462839
1499463965
1499462400
1499463968
1499462836
1499462835
1499463112
1499462834
1499462832
1499457752
1499455547
1499457718
1499455546
1499457710
1499462813
1499451691
1499456500
1499463111
1499462810
1499463110
1499462806
1499464043
1499463102
1499464045
1499463086
1499464054
1499464072
1499462799
1499462797
1499463065
1499463059
1499462788
1499462766
1499464075
1499458258
1499464076
1499463036
1499463944
1499464080
1499463024
1499464082
1499455797
1499462754
1499460696
1499462724
1499458253
1499458249
1499462710
1499462701
1499463023
1499463019
1499453092
1499455972
1499458229
1499458204
1499462684
1499458195
1499462662
1499460580
1499462239
1499462659
1499460562
1499462624
1499462223
1499462621
1499462617
1499453765
1499456542
1499462615
1499453046
1499460523
1499462592
1499462184
1499462591
1499460514
1499463623
1499460510
1499457843
1499460492
1499457768
1499453824
1499456669
1499456652
1499453797
1499456362
1499456589
1499453026
1499455113
1499463604
1499453727
1499462581
1499455115
1499456038
1499462576
1499452250
1499462568
1499454713
1499458827
1499458824
1499462561
1499462558
1499462557
1499462551
1499458821
1499458815
1499462183
1499460460
1499462178
1499458814
1499458794
1499462538
1499462517
1499460438
1499462158
1499462514
1499462153
1499462499
1499458790
1499458787
1499458784
1499458770
1499462147
1499462492
1499462138
1499462487
1499462086
1499462483
1499462079
1499462470
1499458767
1499458765
1499463554
1499458754
1499458750
1499465109
1499458749
1499463154
1499455541
1499463149
1499463134
1499458748
1499463125
1499458742
1499460694
1499458719
1499458706
1499463314
1499457219
1499457249
1499464115
1499464119
1499458699
1499458685
1499464155
1499464165
1499458655
1499458639
1499460947
1499464211
1499464212
1499451662
1499458623
1499462058
1499462045
1499464240
1499464241
1499462032
1499462021
1499464252
1499462006
1499464257
1499464310
1499464314
1499464318
1499464319
1499458612
1499464323
1499464328
1499464341
1499464364
1499464368
1499462003
1499464272
1499464416
1499458599
1499461999
1499464438
1499464446
1499460427
1499464451
1499464465
1499461963
1499464478
1499464479
1499464495
1499464528
1499464531
1499464537
1499458587
1499458584
1499458542
1499458538
1499460409
1499461944
1499458537
1499458525
1499461943
1499464547
1499461917
1499460398
1499458499
1499464557
1499458492
1499458485
1499458482
1499458471
1499458457
1499461901
1499458454
1499458450
1499460388
1499461899
1499460371
1499464560
1499455078
1499458438
1499461869
1499458424
1499460370
1499458423
1499461850
1499459230
1499458394
1499455965
1499459225
1499456938
1499459859
1499459175
1499464567
1499460875
1499461476
1499460341
1499464578
1499455885
1499455977
1499458386
1499461847
1499458364
1499458356
1499460150
1499461144
1499458349
1499464596
1499458317
1499459113
1499458314
1499464586
1499460338
1499461842
1499458289
1499458262
1499464078
1499461036
1499455937
1499462454
1499460306
1499460717
1499461833
1499460281
1499461830
1499462843
1499460262
1499461829
1499460252
1499464015
1499462878
1499453331
1499461828
1499461821
1499462244
1499461232
1499462819
1499461792
1499458237
1499461788
1499464607
1499464609
1499461755
1499464668
1499462587
1499461728
1499464677
1499460486
1499453809
1499464692
1499464705
1499464488
1499462019
1499464719
1499462056
1499458116
1499464723
1499461946
1499457850
1499464739
1499464744
1499464535
1499464777
1499464545
1499458604
1499464783
1499464550
1499455550
1499464790
1499464792
1499456985
1499464794
1499464811
1499464173
1499458616
1499464831
1499464860
1499464867
1499464877
1499464244
1499464224
1499464891
1499464903
1499464928
1499464964
1499458506
1499462070
1499464998
1499465008
1499465020
1499461784
1499464620
1499464307
1499464675
1499463840
1499465042
1499456360
1499464734
1499465051
1499465079
1499465087
1499465093
1499465096
1499465102
1499465110
1499457888
1499461977
1499464725
1499458638
1499465725
1499465661
1499465637
1499465610
1499465751
1499465749
1499465778
1499465736
1499465748
1499465730
1499465727
1499465646
1499465653
1499465643
1499465602
1499465720
1499465597
1499465697
1499465250
1499465368
1499465113
1499465121
1499465405
1499465429
1499465409
1499465426
1499465434
1499465435
1499468644
1499468627
1499468611
1499468605
1499468595
1499468592
1499468578
1499468577
1499468565
1499468564
1499468557
1499468551
1499465151
1499465152
1499465428
1499465483
1499465510
1499465492
1499465511
1499465518
1499465519
1499465533
1499465537
1499465569
1499465575
1499465154
1499465272
1499465287
1499465321
1499465351
1499465158
1499465184
1499465528
1499465189
1499465391
1499465759
1499465347
1499465360
1499465193
1499465194
1499465214
1499478091
1499478068
1499478060
1499478051
1499478050
1499478047
1499478019
1499478010
1499477982
1499477974
1499477971
1499477967
1499477942
1499477939
1499477862
1499477814
1499477811
1499477801
1499477777
1499477772
1499477722
1499477704
1499477679
1499467285
1499468538
1499468536
1499467876
1499468526
1499468497
1499468496
1499468484
1499468600
1499468481
1499468476
1499468470
1499468452
1499468450
1499467838
1499468454
1499465514
1499467867
1499467837
1499468439
1499467826
1499467833
1499468488
1499468434
1499467923
1499465269
1499468415
1499468398
1499468383
1499468380
1499467815
1499467784
1499467751
1499467745
1499467740
1499467726
1499467717
1499467716
1499467692
1499467642
1499467638
1499467600
1499467597
1499467595
1499467587
1499467573
1499467566
1499468431
1499467545
1499484424
1499483850
1499483840
1499483833
1499483655
1499483650
1499483647
1499483642
1499483605
1499483572
1499483556
1499483551
1499483501
1499483322
1499483306
1499483264
1499483263
1499467543
1499467526
1499468351
1499468318
1499468297
1499477855
1499477909
1499477662
1499467506
1499467497
1499467493
1499468407
1499468392
1499467478
1499468281
1499476767
1499476769
1499468273
1499477959
1499477604
1499467453
1499477646
1499477917
1499468475
1499468270
1499467779
1499467798
1499476414
1499467442
1499476450
1499467440
1499476471
1499467435
1499476480
1499467428
1499476497
1499467402
1499476516
1499467398
1499476546
1499467391
1499476558
1499476587
1499467554
1499476603
1499477355
1499467513
1499477692
1499468643
1499476639
1499467459
1499467489
1499476647
1499476673
1499468286
1499468277
1499467360
1499476782
1499476679
1499476687
1499467354
1499467349
1499467336
1499467322
1499467307
1499467305
1499467295
1499467294
1499476786
1499477644
1499468269
1499476787
1499468232
1499476598
1499476793
1499476798
1499476706
1499468229
1499476732
1499476810
1499477876
1499476766
1499467819
1499477910
1499491139
1499504487
1499483659
1499483871
1499483669
1499476815
1499468218
1499483883
1499483692
1499476921
1499468217
1499476823
1499468139
1499483894
1499468135
1499476834
1499468132
1499483709
1499483741
1499483913
1499468131
1499476866
1499483920
1499483952
1499483750
1499483772
1499468125
1499483802
1499476878
1499483807
1499476888
1499483960
1499483964
1499484429
1499483966
1499484434
1499483975
1499476895
1499483997
1499468123
1499476914
1499484460
1499484472
1499468111
1499476917
1499468107
1499484040
1499484478
1499484042
1499484479
1499484065
1499484080
1499482944
1499476932
1499484499
1499484529
1499484083
1499484539
1499484087
1499484543
1499476935
1499476955
1499484169
1499476957
1499476978
1499468101
1499483362
1499476975
1499484217
1499468088
1499484237
1499476982
1499476983
1499484257
1499477012
1499483370
1499484263
1499483400
1499484269
1499483401
1499484294
1499483434
1499483456
1499483462
1499483498
1499482958
1499484305
1499482974
1499482994
1499484316
1499482995
1499484318
1499484333
1499483013
1499483036
1499484334
1499483043
1499483074
1499483128
1499483137
1499484343
1499483144
1499483156
1499484355
1499477042
1499484385
1499483221
1499483222
1499484394
1499483241
1499483257
1499477035
1499483261
1499484407
1499468069
1499467971
1499468225
1499468053
1499483506
1499467321
1499476808
1499476788
1499468248
1499467647
1499477045
1499483500
1499468052
1499477049
1499477083
1499467966
1499482912
1499482923
1499477106
1499482933
1499477161
1499482938
1499477113
1499477196
1499477140
1499482759
1499477232
1499477214
1499477396
1499477398
1499477286
1499477263
1499477399
1499477430
1499477443
1499477442
1499477326
1499477335
1499477465
1499477489
1499477501
1499477504
1499476561
1499477510
1499477522
1499477525
1499477534
1499483583
1499476619
1499483303
1499482765
1499482767
1499468361
1499483626
1499483310
1499483334
1499467970
1499477567
1499477590
1499491136
1499477595
1499490389
1499491125
1499491094
1499491093
1499491069
1499482784
1499482797
1499490989
1499482824
1499482843
1499490987
1499482846
1499482858
1499482889
1499482895
1499490351
1499482901
1499476829
1499483705
1499490979
1499483714
1499491399
1499490341
1499490952
1499490920
1499490297
1499490919
1499490897
1499490879
1499490233
1499490210
1499490874
1499490208
1499490863
1499490205
1499490202
1499490848
1499490185
1499490153
1499490843
1499490839
1499490135
1499490115
1499490825
1499490823
1499490806
1499490836
1499490106
1499490090
1499490754
1499490747
1499490044
1499490753
1499491374
1499490009
1499491366
1499491348
1499491328
1499491322
1499489989
1499491318
1499491315
1499491311
1499491298
1499489972
1499489911
1499491282
1499491270
1499491269
1499491250
1499491220
1499491217
1499491713
1499491708
1499491668
1499491206
1499491196
1499491193
1499491172
1499491171
1499491661
1499506639
1499491637
1499491636
1499491618
1499506587
1499490703
1499506581
1499491582
1499506570
1499491581
1499491573
1499506556
1499506553
1499490683
1499506551
1499506534
1499490674
1499506523
1499506482
1499490669
1499506445
1499491500
1499506433
1499506431
1499491485
1499491476
1499506422
1499506396
1499506381
1499491465
1499506374
1499491434
1499490632
1499490595
1499506370
1499506365
1499491415
1499477219
1499506341
1499490585
1499490578
1499468106
1499484148
1499490565
1499477381
1499483825
1499477479
1499484199
1499477250
1499468059
1499477274
1499477414
1499483822
1499491793
1499491761
1499477291
1499477463
1499490949
1499490970
1499506328
1499490543
1499506299
1499490534
1499490523
1499506297
1499506285
1499506254
1499506251
1499506247
1499506157
1499490498
1499490442
1499490427
1499506152
1499506133
1499506132
1499490424
1499490416
1499506117
1499490392
1499506097
1499506071
1499490862
1499477077
1499506017
1499490347
1499505979
1499505968
1499505967
1499483904
1499505966
1499505946
1499490065
1499490022
1499491026
1499490005
1499491403
1499491384
1499490909
1499505917
1499490699
1499490587
1499505873
1499491427
1499505861
1499506128
1499505857
1499482866
1499505836
1499490885
1499490340
1499490986
1499505809
1499505803
1499505776
1499490781
1499490378
1499506070
1499490746
1499505931
1499505735
1499505720
1499506264
1499505997
1499483367
1499484260
1499505978
1499491544
1499490549
1499505901
1499490404
1499506326
1499505835
1499490510
1499476860
1499491705
1499505719
1499505869
1499506185
1499505697
1499505085
1499505695
1499505020
1499504735
1499505011
1499504693
1499504749
1499504644
1499504954
1499504628
1499504949
1499504918
1499504626
1499504899
1499504897
1499506627
1499491586
1499505083
1499505015
1499504653
1499504882
1499504914
1499504713
1499505662
1499504617
1499504891
1499505629
1499504627
1499504619
1499504863
1499504839
1499504994
1499505652
1499505563
1499504616
1499504614
1499505554
1499504763
1499504552
1499504535
1499505497
1499504750
1499504533
1499505567
1499505607
1499505531
1499505421
1499505625
1499505417
1499505411
1499504523
1499504516
1499504513
1499505556
1499504808
1499504551
1499505392
1499505386
1499505378
1499505453
1499504554
1499505236
1499505365
1499504761
1499505358
1499505373
1499505352
1499505313
1499505170
1499505164
1499505344
1499505337
1499505134
1499505120
1499505328
1499505259
1499505219
1499505118
1499505252
1499504850
1499505184
1499505223
1499504875
1499505215
1499505305
1499505403
1499505691
1499475683
1499476398
1499475656
1499475744
1499475769
1499475693
1499475739
1499475678
1499475767
1499475798
1499475685
1499475066
1499475101
1499475692
1499475832
1499475129
1499475839
1499475859
1499475864
1499475871
1499475901
1499475142
1499475946
1499475925
1499475921
1499475949
1499475149
1499475954
1499475156
1499475894
1499475970
1499475991
1499475166
1499475934
1499476025
1499475232
1499476037
1499475264
1499476050
1499475266
1499476053
1499475271
1499475272
1499476076
1499476080
1499475275
1499475280
1499476121
1499476138
1499475303
1499475308
1499475319
1499476161
1499475335
1499475336
1499476172
1499476213
1499476230
1499475144
1499475337
1499475353
1499476249
1499475385
1499475098
1499475965
1499475141
1499475444
1499475468
1499475496
1499476285
1499475522
1499476296
1499475939
1499475546
1499476326
1499476018
1499475559
1499475373
1499475569
1499475571
1499476345
1499475315
1499476241
1499475158
1499475171
1499475576
1499475155
1499475581
1499475834
1499476270
1499476350
1499475632
1499475622
1499475554
1499476371
1499481519
1499482755
1499481356
1499481553
1499481367
1499481596
1499481598
1499481396
1499481608
1499481414
1499481620
1499481455
1499481477
1499481647
1499481478
1499481692
1499481507
1499481508
1499481712
1499481749
1499481475
1499475526
1499475349
1499481792
1499475127
1499481675
1499481830
1499481840
1499481862
1499481875
1499481884
1499475438
1499481640
1499481904
1499481935
1499475652
1499481518
1499481936
1499476307
1499481940
1499481947
1499481950
1499481953
1499481971
1499481350
1499481108
1499481979
1499482009
1499482017
1499481128
1499482033
1499481132
1499481139
1499481155
1499482037
1499482042
1499482050
1499481166
1499482074
1499481169
1499481170
1499481171
1499481231
1499482092
1499482100
1499475927
1499481425
1499482150
1499482171
1499482189
1499482197
1499475255
1499482244
1499482272
1499482281
1499482285
1499482320
1499482333
1499482353
1499482354
1499482355
1499482407
1499482457
1499476292
1499481807
1499481240
1499481256
1499481280
1499481305
1499481307
1499481332
1499475511
1499481834
1499482115
1499482475
1499481743
1499482258
1499482486
1499481882
1499481844
1499481899
1499481922
1499482510
1499481864
1499466149
1499482526
1499482163
1499482529
1499482504
1499482533
1499482553
1499481487
1499482522
1499466357
1499481696
1499482485
1499482279
1499482576
1499482582
1499466402
1499466411
1499482713
1499482709
1499482732
1499482613
1499482742
1499482625
1499466424
1499466428
1499482639
1499482659
1499482745
1499482207
1499476029
1499482335
1499482397
1499466448
1499482433
1499482660
1499482749
1499482689
1499482463
1499482708
1499493361
1499466452
1499475980
1499481770
1499466459
1499481260
1499466900
1499466892
1499481247
1499466472
1499466494
1499466515
1499466516
1499466901
1499466916
1499466917
1499466918
1499466174
1499467265
1499466555
1499466582
1499467279
1499466607
1499466938
1499466625
1499465785
1499465807
1499466948
1499466634
1499465830
1499466952
1499466640
1499466649
1499466650
1499466966
1499466644
1499466980
1499466651
1499466652
1499466656
1499465835
1499466665
1499465841
1499466690
1499466703
1499466463
1499466220
1499465857
1499466981
1499466718
1499466934
1499465782
1499466719
1499493412
1499466722
1499466988
1499466998
1499466229
1499466754
1499467028
1499467030
1499466784
1499467262
1499466791
1499466840
1499467042
1499467097
1499465893
1499466870
1499467120
1499467062
1499466858
1499465908
1499467139
1499466760
1499467125
1499465914
1499467165
1499467146
1499465965
1499467195
1499465992
1499467198
1499466013
1499467169
1499465907
1499466091
1499467232
1499466092
1499466016
1499467246
1499466095
1499466024
1499465990
1499466042
1499466162
1499466081
1499466082
1499491798
1499466263
1499466313
1499466234
1499466128
1499466300
1499466258
1499466294
1499466338
1499466271
1499491816
1499466345
1499466295
1499493463
1499493431
1499491803
1499493527
1499493447
1499466327
1499493435
1499466161
1499493515
1499493526
1499493499
1499493420
1499493519
1499493421
1499493464
1499491875
1499491863
1499491886
1499491827
1499491871
1499491902
1499491829
1499492659
1499491885
1499492206
1499491954
1499491956
1499492739
1499492289
1499492294
1499492770
1499492316
1499491962
1499492317
1499492328
1499492788
1499492812
1499492854
1499491969
1499491977
1499492354
1499492394
1499491984
1499491992
1499492405
1499492881
1499492473
1499492882
1499492887
1499492905
1499491996
1499492482
1499491999
1499492514
1499492003
1499491855
1499492940
1499492063
1499492963
1499492979
1499492591
1499492100
1499492133
1499492621
1499492168
1499491963
1499492630
1499492027
1499492989
1499492553
1499492094
1499492748
1499491919
1499492013
1499492324
1499493030
1499492983
1499492998
1499493071
1499491960
1499492293
1499492297
1499492938
1499492131
1499493343
1499492779
1499493088
1499493101
1499493217
1499493106
1499493222
1499493134
1499493238
1499493275
1499493276
1499493277
1499493285
1499493307
1499493189
1499493209
1499493212
1499492702
1499492236
1499492051
1499493087
1499493213
1499492593
1499493172
1499491946
1499493261
1499493037
1499493098
1499471789
1499471791
1499470952
1499470942
1499470921
1499470898
1499470891
1499470874
1499470849
1499470844
1499470840
1499470814
1499470802
1499470772
1499470765
1499470757
1499470756
1499470733
1499470713
1499470709
1499470708
1499470692
1499470685
1499470634
1499470599
1499470583
1499470534
1499470530
1499470524
1499470521
1499469880
1499469878
1499469833
1499471725
1499471719
1499471692
1499471783
1499471722
1499475035
1499475024
1499475020
1499474987
1499474973
1499474967
1499474961
1499474945
1499474934
1499474914
1499474911
1499474890
1499474875
1499474874
1499474863
1499474856
1499474847
1499474788
1499474787
1499474782
1499474777
1499474741
1499474720
1499474695
1499474693
1499474656
1499474623
1499474616
1499474610
1499474609
1499474604
1499474556
1499474547
1499473628
1499473611
1499473599
1499473584
1499472557
1499481079
1499481075
1499481061
1499481044
1499469694
1499469914
1499470090
1499469699
1499469748
1499471681
1499471676
1499471651
1499471648
1499469920
1499470094
1499469939
1499469751
1499470100
1499470191
1499469752
1499470194
1499469948
1499469770
1499470109
1499469958
1499470117
1499471618
1499471563
1499470202
1499469979
1499470122
1499471559
1499470131
1499471538
1499469996
1499470134
1499470044
1499470135
1499471483
1499471474
1499470047
1499470139
1499470065
1499470142
1499471454
1499471446
1499470079
1499470155
1499470228
1499470173
1499471434
1499471392
1499470231
1499470180
1499470241
1499470476
1499471386
1499471371
1499470270
1499470493
1499470274
1499471349
1499471346
1499470501
1499470505
1499470820
1499471302
1499470948
1499471296
1499470281
1499471275
1499471274
1499470288
1499471267
1499470290
1499470292
1499470384
1499470401
1499470403
1499469790
1499470412
1499469803
1499469826
1499469904
1499470600
1499471713
1499471691
1499470420
1499470883
1499470435
1499469864
1499470859
1499470459
1499470922
1499471243
1499468910
1499471206
1499471192
1499468948
1499468950
1499468984
1499469025
1499469111
1499468721
1499471137
1499468814
1499471135
1499468883
1499470631
1499469389
1499471083
1499471055
1499471048
1499469446
1499469466
1499471016
1499471013
1499470989
1499470975
1499469789
1499470487
1499469487
1499469540
1499469565
1499469571
1499469479
1499469468
1499469454
1499469453
1499469421
1499469415
1499469387
1499469377
1499469360
1499469339
1499469338
1499469314
1499469278
1499469272
1499469268
1499471245
1499469259
1499470410
1499469608
1499470956
1499469802
1499469830
1499469636
1499469623
1499469778
1499471311
1499470121
1499471174
1499469959
1499469302
1499468775
1499469344
1499470392
1499469667
1499468852
1499471687
1499471129
1499470475
1499471241
1499469257
1499469255
1499469204
1499471200
1499473812
1499473814
1499473634
1499473646
1499473674
1499473838
1499481017
1499481016
1499480993
1499480990
1499473339
1499480951
1499473350
1499473376
1499480910
1499480904
1499480887
1499473393
1499480920
1499473394
1499473421
1499473422
1499480884
1499473478
1499473507
1499473561
1499480862
1499473562
1499473433
1499472555
1499472554
1499472544
1499469201
1499473451
1499480851
1499472541
1499472489
1499472465
1499472462
1499480849
1499472461
1499480847
1499472460
1499472425
1499472404
1499472374
1499472356
1499472328
1499472296
1499473910
1499472295
1499473934
1499472288
1499472191
1499472188
1499472253
1499473947
1499480827
1499472291
1499480808
1499472147
1499473981
1499480798
1499480806
1499474004
1499474051
1499480779
1499474010
1499474021
1499473695
1499474028
1499473709
1499474029
1499472226
1499472122
1499473716
1499473718
1499473745
1499473761
1499470419
1499472089
1499472142
1499472077
1499472068
1499472055
1499472054
1499473764
1499474145
1499472037
1499474175
1499474178
1499474200
1499474208
1499474237
1499472030
1499472024
1499472011
1499469628
1499471937
1499471928
1499480751
1499469473
1499469266
1499474662
1499469612
1499469810
1499474901
1499471921
1499474260
1499468694
1499472431
1499474825
1499473432
1499475064
1499480844
1499473485
1499472209
1499473976
1499474889
1499469604
1499481091
1499469226
1499473675
1499473625
1499473655
1499479338
1499479655
1499473832
1499479315
1499472212
1499480313
1499472121
1499473679
1499471882
1499472223
1499480307
1499480987
1499471878
1499480296
1499474507
1499473426
1499480895
1499474418
1499474523
1499479512
1499474475
1499479268
1499479238
1499479237
1499479231
1499479225
1499480280
1499479143
1499479125
1499479109
1499471824
1499480270
1499471819
1499480258
1499480257
1499471816
1499469135
1499471815
1499479650
1499479645
1499479634
1499479087
1499479611
1499479073
1499479606
1499479067
1499474267
1499474503
1499474316
1499479541
1499471848
1499479559
1499474173
1499479525
1499480363
1499479024
1499479605
1499472116
1499472363
1499472115
1499480747
1499474040
1499472084
1499480886
1499480742
1499473802
1499480784
1499474068
1499480817
1499473608
1499473840
1499473551
1499473443
1499480712
1499473943
1499480661
1499481037
1499479298
1499480746
1499480641
1499480660
1499480350
1499472117
1499480627
1499479372
1499480594
1499469183
1499480537
1499480499
1499472091
1499480462
1499480443
1499480512
1499480295
1499474108
1499471810
1499480275
1499480021
1499480440
1499471796
1499479640
1499480255
1499480221
1499479996
1499479672
1499473680
1499479159
1499479969
1499473475
1499480908
1499480604
1499479037
1499479108
1499474957
1499474269
1499480728
1499479692
1499479563
1499479881
1499479882
1499479942
1499480699
1499480434
1499479993
1499480203
1499479959
1499480633
1499480253
1499479321
1499480581
1499480178
1499474118
1499480156
1499479514
1499472702
1499479840
1499479839
1499480446
1499474486
1499481078
1499480110
1499479937
1499472633
1499479267
1499479662
1499480109
1499479824
1499472632
1499480098
1499472623
1499472621
1499472608
1499479807
1499480086
1499472607
1499472562
1499472559
1499480074
1499473850
1499479742
1499480073
1499480481
1499480071
1499480123
1499480181
1499479929
1499472719
1499480025
1499479719
1499480082
1499480172
1499479861
1499479794
1499480111
1499472703
1499480167
1499479853
1499480165
1499472695
1499479476
1499472673
1499472662
1499472666
1499474409
1499472652
1499479475
1499480404
1499479474
1499479473
1499479471
1499472708
1499479439
1499472612
1499479816
1499479860
1499479407
1499479427
1499479388
1499479380
1499474261
1499480432
1499474353
1499474402
1499474407
1499479890
1499479023
1499473774
1499480046
1499473785
1499480237
1499480230
1499479434
1499479877
1499474266
1499479401
1499472010
1499480411
1499474362
1499473783
1499479443
1499480171
1499479847
1499479386
1499479737
1499479414
1499472689
1499472167
1499480380
1499474403
1499480095
1499468836
1499468783
1499468810
1499469097
1499468791
1499468949
1499468859
1499468837
1499468918
1499468838
1499468959
1499468858
1499468960
1499468881
1499468758
1499468667
1499468677
1499468695
1499468975
1499468898
1499468700
1499468899
1499468720
1499468991
1499469000
1499468909
1499469069
1499469044
1499468740
1499469017
1499472950
1499473104
1499472935
1499473337
1499472965
1499473060
1499473069
1499473050
1499473081
1499473010
1499473135
1499473012
1499473159
1499473024
1499473100
1499472881
1499473030
1499472727
1499472733
1499473305
1499472738
1499472741
1499473307
1499472745
1499472777
1499473309
1499473325
1499472808
1499473189
1499472813
1499472855
1499473167
1499473200
1499473235
1499472830
1499472815
1499472858
1499479012
1499473244
1499478818
1499478739
1499478859
1499478758
1499478860
1499478760
1499478877
1499478769
1499478880
1499478774
1499478725
1499478894
1499478941
1499478957
1499478962
1499478896
1499478814
1499478901
1499478911
1499478975
1499478996
1499478920
1499478795
1499478751
1499478595
1499478596
1499478598
1499478606
1499478611
1499478550
1499478100
1499478928
1499478104
1499478115
1499479005
1499478574
1499478126
1499478140
1499478144
1499478719
1499478798
1499478150
1499478160
1499478207
1499478828
1499478210
1499478663
1499478225
1499478202
1499478250
1499478365
1499478917
1499478381
1499478440
1499478456
1499478482
1499478444
1499478280
1499478258
1499478259
1499478291
1499478305
1499478264
1499478265
1499478322
1499478324
1499478392
1499478394
1499478414
1499478411
1499478384
1499478276
1499478439
1499478316
1499478524
1499478257
1499478467
1499487828
1499487824
1499487822
1499487782
1499487781
1499487777
1499487747
1499487713
1499487094
1499487082
1499487077
1499487026
1499487024
1499487020
1499487017
1499487014
1499486893
1499486685
1499486684
1499486640
1499486639
1499486603
1499487910
1499487933
1499487836
1499487889
1499487856
1499487853
1499486873
1499487669
1499487654
1499487621
1499487615
1499487601
1499486872
1499487583
1499487914
1499487726
1499485427
1499485442
1499486574
1499485457
1499485474
1499485499
1499486571
1499487554
1499485503
1499485534
1499486553
1499486549
1499485541
1499485547
1499486540
1499487579
1499486489
1499487516
1499485586
1499486856
1499486846
1499485608
1499486836
1499485613
1499486774
1499486440
1499486754
1499486743
1499486722
1499486466
1499486427
1499485628
1499485634
1499486721
1499486709
1499486700
1499486411
1499485673
1499485694
1499485703
1499486399
1499486057
1499486058
1499485676
1499485684
1499485727
1499485728
1499485745
1499486089
1499485758
1499485759
1499487502
1499486386
1499486392
1499486914
1499485779
1499485783
1499485788
1499487499
1499485790
1499486090
1499487484
1499486099
1499487469
1499485802
1499487426
1499487448
1499486105
1499487420
1499485840
1499486142
1499485841
1499486144
1499486194
1499485878
1499486201
1499487390
1499485889
1499487363
1499485915
1499487357
1499486217
1499487278
1499487271
1499487243
1499487700
1499487226
1499486259
1499486286
1499485924
1499487181
1499487166
1499486578
1499486305
1499486311
1499486312
1499487127
1499486627
1499485292
1499485294
1499486322
1499486361
1499485308
1499485313
1499486375
1499486376
1499484752
1499485382
1499485390
1499485394
1499485927
1499484767
1499484817
1499484867
1499484942
1499485419
1499485028
1499485929
1499485080
1499486889
1499487595
1499485453
1499486608
1499487509
1499485794
1499485653
1499488101
1499485934
1499485583
1499486435
1499486095
1499485956
1499485964
1499484571
1499487481
1499484600
1499485994
1499486002
1499486021
1499485977
1499486023
1499486103
1499487392
1499487312
1499485169
1499485172
1499485200
1499485206
1499485234
1499485237
1499485291
1499485290
1499487324
1499485249
1499485238
1499484698
1499486426
1499485361
1499486026
1499485409
1499485928
1499489896
1499489879
1499489866
1499489862
1499489854
1499489839
1499489824
1499489806
1499487246
1499486870
1499487550
1499484648
1499489784
1499489780
1499484670
1499489773
1499485289
1499485873
1499486648
1499487466
1499489904
1499486225
1499485154
1499485132
1499485917
1499485933
1499489665
1499487803
1499489658
1499489637
1499489798
1499486160
1499489697
1499489618
1499489557
1499489556
1499489514
1499487202
1499489496
1499488753
1499489451
1499489456
1499489450
1499488747
1499489446
1499488746
1499489418
1499488743
1499489401
1499488732
1499489388
1499488721
1499489346
1499488708
1499487241
1499486274
1499487180
1499488576
1499488393
1499488373
1499489342
1499488422
1499489339
1499489308
1499489277
1499488362
1499489271
1499489259
1499488316
1499489189
1499489176
1499489150
1499489142
1499488315
1499489116
1499488291
1499489112
1499489083
1499488681
1499489082
1499488575
1499489081
1499488560
1499488553
1499489077
1499488551
1499489071
1499488546
1499489064
1499488467
1499488450
1499488645
1499488438
1499488641
1499488437
1499488662
1499488379
1499488619
1499489275
1499488611
1499488603
1499488280
1499488239
1499488369
1499488326
1499489270
1499488600
1499488592
1499488237
1499488235
1499489058
1499489196
1499488589
1499489017
1499488962
1499488216
1499488952
1499488949
1499488463
1499488208
1499488205
1499488919
1499488693
1499489029
1499486288
1499488946
1499488890
1499488629
1499488158
1499488878
1499488147
1499488174
1499488853
1499488862
1499488880
1499488831
1499488123
1499488820
1499488777
1499488785
1499488754
1499488906
1499488828
1499488807
1499488784
1499488133
1499488177
1499488775
1499488837
1499485167
1499484860
1499484972
1499485039
1499484877
1499485051
1499484904
1499484788
1499484971
1499484784
1499485083
1499484990
1499484843
1499484567
1499484568
1499484585
1499485099
1499485134
1499484598
1499485056
1499484931
1499484619
1499485146
1499484865
1499488098
1499485092
1499487949
1499484607
1499484664
1499484663
1499487976
1499487980
1499488008
1499488009
1499488017
1499488043
1499488086
1499488097
1499484563
1499484677
1499485139
1499484679
1499484758
1499484693
1499484730
1499488096
1499488066
1499484732
1499484756
1499484635
1499484811
1499488007
1499487948
1499487966
1499497792
1499497761
1499497624
1499497598
1499497577
1499497572
1499497569
1499497523
1499497512
1499497498
1499497497
1499497456
1499497454
1499497428
1499497400
1499497394
1499496259
1499496193
1499496148
1499496117
1499496073
1499494977
1499497743
1499497657
1499497656
1499497673
1499497644
1499497700
1499494717
1499494727
1499494743
1499494703
1499494657
1499494654
1499494651
1499494640
1499494636
1499494626
1499494611
1499504120
1499502156
1499496069
1499495411
1499496062
1499496107
1499495398
1499496336
1499495412
1499495374
1499497378
1499495327
1499497377
1499496053
1499496008
1499495285
1499495282
1499495255
1499497342
1499495241
1499495239
1499497264
1499495180
1499497613
1499497236
1499495065
1499497199
1499495060
1499496006
1499497178
1499495028
1499496004
1499497156
1499495987
1499497136
1499495949
1499494801
1499495018
1499497127
1499495942
1499494997
1499497116
1499495924
1499495919
1499495886
1499495884
1499494992
1499496051
1499495391
1499497435
1499497110
1499497099
1499497049
1499495858
1499495837
1499495337
1499497046
1499497353
1499497040
1499495823
1499495812
1499495309
1499497036
1499494963
1499494935
1499495259
1499496998
1499494918
1499494842
1499494802
1499496944
1499496926
1499497248
1499495775
1499496877
1499495246
1499495774
1499495768
1499496871
1499496845
1499496061
1499495744
1499495136
1499495741
1499494790
1499496843
1499496793
1499495720
1499494767
1499495711
1499494754
1499496787
1499494752
1499497381
1499496754
1499496753
1499495637
1499495688
1499496702
1499495625
1499496688
1499494968
1499496659
1499495621
1499496638
1499497003
1499495792
1499495600
1499496211
1499495598
1499494929
1499494814
1499495585
1499495584
1499496631
1499495583
1499494854
1499496613
1499495234
1499496584
1499495578
1499496984
1499496510
1499495577
1499496935
1499496900
1499496467
1499496466
1499495568
1499495551
1499496428
1499496423
1499496422
1499494550
1499495530
1499495526
1499494546
1499494535
1499495523
1499494532
1499495505
1499495503
1499497735
1499497294
1499494510
1499504101
1499494508
1499504100
1499494488
1499494478
1499504093
1499495626
1499504079
1499504063
1499495494
1499495481
1499504053
1499495465
1499495430
1499495428
1499504045
1499495427
1499504039
1499495421
1499494427
1499494426
1499494400
1499494388
1499494386
1499494567
1499496378
1499494354
1499494346
1499496664
1499496646
1499494325
1499494943
1499494321
1499494302
1499494261
1499494708
1499504004
1499494214
1499503966
1499494171
1499494155
1499494747
1499503964
1499494144
1499503946
1499494138
1499494097
1499494191
1499496693
1499503901
1499503881
1499494030
1499504014
1499493971
1499493962
1499503865
1499493940
1499493934
1499503832
1499503827
1499493859
1499497038
1499503784
1499493840
1499503736
1499503727
1499503721
1499503606
1499503546
1499493785
1499503545
1499493772
1499494049
1499496405
1499493722
1499503895
1499503915
1499493990
1499503542
1499503515
1499503878
1499493718
1499493702
1499493969
1499496733
1499495604
1499503498
1499503472
1499503471
1499493686
1499493664
1499493648
1499494452
1499496634
1499493608
1499493848
1499493573
1499503434
1499499578
1499499573
1499499565
1499503429
1499503404
1499499555
1499499539
1499503401
1499503395
1499499524
1499499498
1499503384
1499499497
1499503380
1499503379
1499494231
1499503552
1499493807
1499493555
1499493660
1499499494
1499503438
1499503373
1499503375
1499503363
1499503337
1499503336
1499503310
1499499491
1499503274
1499499489
1499503209
1499499412
1499503166
1499499402
1499503155
1499499385
1499503149
1499499356
1499503094
1499499349
1499503085
1499499347
1499503084
1499499318
1499499315
1499503980
1499499295
1499499285
1499499284
1499502570
1499503054
1499503050
1499503039
1499499281
1499499270
1499499267
1499499257
1499503037
1499503023
1499502970
1499499245
1499502966
1499499243
1499502963
1499499227
1499499226
1499499223
1499502937
1499502931
1499499205
1499502907
1499502906
1499502914
1499502561
1499502529
1499499202
1499499193
1499499185
1499499181
1499499164
1499499133
1499502840
1499502804
1499499128
1499499121
1499499115
1499499109
1499502789
1499499091
1499499088
1499499071
1499499067
1499502782
1499499056
1499502761
1499502743
1499499051
1499502733
1499502714
1499498985
1499503059
1499502557
1499502681
1499502666
1499498980
1499498956
1499502662
1499502648
1499498954
1499498950
1499502645
1499502788
1499502633
1499502781
1499502891
1499502612
1499502759
1499502607
1499499105
1499499207
1499502588
1499502575
1499504234
1499504297
1499504289
1499498939
1499504284
1499502509
1499503804
1499502495
1499504348
1499504346
1499502430
1499498936
1499502383
1499502382
1499502364
1499502504
1499504200
1499504194
1499502327
1499504184
1499504271
1499504246
1499504240
1499504238
1499504237
1499504300
1499504369
1499502439
1499504189
1499502287
1499504172
1499502270
1499504157
1499502257
1499502255
1499502224
1499504129
1499502211
1499504128
1499502203
1499502182
1499502170
1499502348
1499502523
1499502320
1499502392
1499504174
1499493847
1499493822
1499502261
1499502181
1499498946
1499502161
1499504167
1499504141
1499502254
1499502198
1499502272
1499502274
1499498931
1499498525
1499498325
1499498363
1499498447
1499498371
1499498449
1499498468
1499498527
1499498287
1499498304
1499498530
1499498531
1499498309
1499498393
1499498535
1499498316
1499498406
1499498445
1499498549
1499498439
1499498415
1499498564
1499498324
1499498820
1499498849
1499498853
1499498320
1499498827
1499498885
1499498747
1499498841
1499498811
1499498608
1499498613
1499498771
1499498790
1499498698
1499498801
1499498802
1499498283
1499500997
1499501044
1499500511
1499500513
1499501058
1499501059
1499500550
1499500571
1499501108
1499501139
1499500578
1499500579
1499501149
1499500631
1499501195
1499500652
1499501197
1499501241
1499500658
1499501285
1499500663
1499501291
1499500669
1499501293
1499500688
1499501296
1499501297
1499500694
1499500755
1499501325
1499501348
1499500472
1499497945
1499504373
1499501393
1499501356
1499501399
1499497949
1499501409
1499504386
1499504415
1499504419
1499501441
1499497961
1499501451
1499504433
1499497985
1499501452
1499504434
1499497990
1499501459
1499498033
1499501467
1499504458
1499500800
1499498038
1499500838
1499498040
1499500840
1499498042
1499497803
1499498055
1499497810
1499498060
1499497817
1499500872
1499497835
1499500883
1499500884
1499500886
1499498076
1499500889
1499498077
1499500897
1499497848
1499497851
1499498102
1499498146
1499497862
1499497880
1499500915
1499500925
1499498185
1499498186
1499498200
1499498206
1499498218
1499498225
1499498226
1499498255
1499498921
1499499602
1499497896
1499499625
1499500982
1499497907
1499497924
1499499633
1499500984
1499499635
1499500992
1499497930
1499499648
1499501565
1499499656
1499497936
1499501579
1499501580
1499499696
1499499601
1499499721
1499499768
1499501598
1499499793
1499501619
1499499610
1499500112
1499499832
1499499861
1499499897
1499499953
1499499957
1499501646
1499499975
1499501697
1499499993
1499501701
1499500004
1499501705
1499500020
1499501746
1499500023
1499501762
1499500041
1499500045
1499500047
1499500053
1499500055
1499501778
1499500067
1499500043
1499501839
1499501852
1499501860
1499500072
1499500083
1499500093
1499499831
1499500142
1499500106
1499500153
1499497893
1499500981
1499500191
1499500200
1499498848
1499500251
1499500274
1499500278
1499500314
1499500320
1499500334
1499500297
1499500361
1499500363
1499501895
1499501897
1499500216
1499501911
1499500367
1499500375
1499501914
1499501924
1499500410
1499501926
1499500420
1499501935
1499500340
1499501943
1499500425
1499500426
1499501955
1499501963
1499500456
1499501980
1499501985
1499500151
1499502060
1499501992
1499501993
1499502070
1499501902
1499502014
1499502031
1499502113
1499502076
1499502023
1499502026
1499500790
1499502075
1499501483
1499500105
1499497090
